-1.999998
-0.533922
1.376558
3.161295
4.354935
4.376904
-4.206570
-4.337979
-1.453362
1.993025
4.527110
6.733697
7.003429
-7.718335
-10.19824
-3.538822
4.769467
5.787226
10.706260
13.516320
-11.06419
-25.62283
-11.07387
21.670780
-4.691746
21.912880
27.252550
-8.328390
-18.08299
-5.125358
14.808720
-3.668385
23.267860
27.961480
-1.323383
-1.222182
3.225977
9.642439
12.212250
16.326240
16.565960
1.454673
3.331388
6.386518
10.268080
14.487120
18.186110
17.844900
3.105150
5.204587
7.634483
11.642400
15.220200
21.467560
3.223978
7.308702
12.941880
15.512350
8.338733
5.695515
-0.613596
-0.314502
3.946736
15.679920
22.567410
11.129190
7.356942
-2.967578
-6.229893
-11.55623
23.180610
39.683250
15.574890
9.234998
-3.925444
-8.329563
-19.16040
29.100390
48.150090
18.731310
10.492460
-3.338227
-5.562569
-2.175410
22.234880
42.820560
19.403340
11.866140
-1.993022
-4.295250
-12.58652
23.271790
58.624020
21.625460
12.573690
0.367284
-0.331270
-1.360597
24.540380
51.693290
23.571350
15.777520
2.980880
6.180548
12.368490
25.460710
40.104610
24.753750
8.842423
9.836232
12.601170
14.180250
14.459890
16.920790
4.529821
21.531900
22.003150
22.193500
-3.831185
-2.602544
42.982780
29.201200
27.112430
-4.543654
-21.90078
18.048820
57.910530
34.035830
34.003370
-10.59748
-22.76637
44.126340
55.475870
39.805880
-4.945551
-9.773528
2.724720
18.867410
75.122550
41.220170
-4.388239
-3.468687
-6.535061
46.597530
68.079090
-1.832026
0.476627
9.613683
52.802130
1.341134
6.590443
25.877460
4.884717
13.283650
7.468588
-1.995002
7.124793
-5.704251
23.623310
5.168505
-2.748732
-2.537018
35.423900
6.795208
0.132725
-14.71509
1.089496
46.325860
8.944572
2.807289
-7.311595
-23.29093
26.287910
33.351040
12.419200
4.010251
-4.059232
-11.10707
-8.242074
6.994254
45.265160
12.305950
4.246398
-6.458628
-10.26022
-24.27007
34.258130
41.184920
9.685962
-6.654244
-10.52146
-8.231682
41.551060
24.048810
-5.467582
-4.927319
14.180050
24.262550
-2.572307
3.969045
15.128760
1.315591
7.446258
3.586162
