9.399323545140960690e-01
7.954520251675759601e-01
6.682627166296652987e-01
5.077806196974956610e-01
3.863035368655832746e-01
3.067610929561717104e-01
2.687367595176868296e-01
2.513681242950284722e-01
2.436278857203516279e-01
2.406741001801642188e-01
2.379284983713415569e-01
2.355229808274169057e-01
2.355464121756320195e-01
2.362232832512670688e-01
2.326770675104983532e-01
2.283728338515628453e-01
2.250130057914677684e-01
2.193778274424781904e-01
2.093978324460020746e-01
2.005581322357690710e-01
1.926953884230436786e-01
1.836679099741378163e-01
1.745060057086545435e-01
1.662299607073493557e-01
1.588397923510448673e-01
1.518092233755559128e-01
1.441008368110097970e-01
1.377525318730806747e-01
1.320821658282894662e-01
1.265845499509619942e-01
1.206366914963374892e-01
1.161041304521979178e-01
1.142648124992984848e-01
1.094824418326720561e-01
9.830039082253874683e-02
8.142283780517634018e-02
6.293948463605629484e-02
1.726885380426045336e-01
1.000000000048599031e+04
-6.851995626744572521e-03
-3.672986109515385955e-03
-2.427286776139903068e-03
-2.187105926416688106e-03
-2.028439656173719463e-03
-1.572067329584814210e-03
-7.700702994348773700e-04
2.610519145930245699e-04
1.345587159725769588e-03
2.296495278747312518e-03
2.943653504024090761e-03
3.154569389820505165e-03
2.856901599549932502e-03
2.060488220240658253e-03
8.858405248445971880e-04
-3.940528251573233165e-04
-1.304921910937587417e-03
-1.134512534763348467e-03
-4.454354134550088840e-04
1.116484577677854959e-04
2.045515751252285832e-04
-9.134150469826978109e-05
-4.929585214542137650e-06
3.573763358520299992e-07
-1.751695227370182560e-07
1.017750946270601650e-07
5.896831867184534915e-09
-8.139129564424913249e-09
-3.339893868597441038e-09
-1.277023496275136715e-09
-1.698455697467968112e-11
-2.910379417600697219e-10
-7.625074398677191967e-11
-1.064577080039041972e-10
-1.419799801843863895e-11
-1.969854461022991108e-11
-3.547315818021917972e-12
-5.469436556894939151e-12
-5.670659952462467775e-13
-2.577285449978718694e-12
5.439780749297623998e-12
-1.513349937038364946e-08
-1.815141061189254931e-04
7.261925602449137906e-04
-1.202284958231068790e-03
-4.974812119030137640e-03
-2.000879134011437910e-03
4.196014295871179633e-03
6.919495219739724146e-03
1.988487719882636728e-03
-9.657574360437126693e-04
-2.362347241288142996e-03
-2.708643355047501977e-03
-2.360103662236934241e-03
-1.534059203006532535e-03
-4.223978405238915101e-04
7.675512287739216788e-04
1.822387280964066214e-03
2.548470175354866640e-03
2.804723792661306669e-03
2.531945643594546436e-03
1.776143611006898715e-03
6.961672032386317932e-04
-4.417739156149652624e-04
-1.255338227261405598e-03
-1.116561255506367655e-03
-5.766175569519621687e-04
-4.243687504986251059e-05
2.238140699365977681e-04
1.675009791262901970e-04
-3.575184063252795358e-05
-4.105574525676726071e-05
3.303128150590081715e-08
8.222118035407204003e-07
-1.631345784843519838e-07
-3.212851585144057943e-08
-4.361304862667609874e-09
-1.853437698601253148e-09
-3.958511769292755239e-11
-4.503810609020106967e-10
-1.488461348991400133e-11
-5.878494194874731983e-11
-1.888208304857130641e-11
-2.387255533129927596e-12
-3.074432561427571364e-12
8.116658077748793039e-13
-5.968501557831984288e-13
1.664624026503386355e-13
7.088814290976034687e-14
2.235484838550008497e-12
-3.433839840497223658e-05
1.373838421089866916e-04
-2.568599331357726057e-04
-1.671328847542074419e-03
1.793369239501572607e-03
6.937791960277625222e-03
1.184945099206025088e-02
4.733880303250281862e-03
1.073284655495609918e-04
-2.309391619217393554e-03
-3.190019217795936335e-03
-3.056572696277348733e-03
-2.258351969306460205e-03
-1.074263922764884249e-03
2.304423009282796642e-04
1.397570205528053666e-03
2.204977360875659542e-03
2.504809432519045087e-03
2.252393616483217009e-03
1.521651030982916486e-03
5.066244691917382026e-04
-4.949529931579411957e-04
-1.135713120063526829e-03
-1.142485271697408220e-03
-7.311517181513070649e-04
-2.139023767511588885e-04
1.521959093666350963e-04
2.268564815243777691e-04
3.051023836845497694e-05
-9.306467180741844034e-05
-9.096483825656446454e-06
1.731273003973886989e-06
-3.387126169090158077e-07
-6.869845732189402754e-09
1.246203272929717047e-08
3.231914490894997639e-09
-2.281102791615667920e-10
-1.345673665375091725e-10
-1.228559962838431159e-10
-4.374075676552266584e-11
-2.031763918290979725e-11
-9.275628013617295020e-12
-3.674833731625470868e-12
-1.904177645655245876e-12
-5.561555579098073538e-13
-3.442794853116227351e-13
-3.390016540335919814e-14
-1.227733741858835909e-12
-2.260430974476611766e-14
-1.512388234673625469e-08
-4.422101300935717079e-05
-1.208689406460921548e-04
1.452622790273848299e-03
4.080659012436992777e-03
8.151449111845648909e-03
3.975979703385701391e-03
3.476406045444524473e-04
-2.253305607128108790e-03
-3.547171025426565372e-03
-3.660637382106646243e-03
-2.903943678236653447e-03
-1.630914534575644836e-03
-1.908407173006887447e-04
1.095221770949006412e-03
1.976117446900571561e-03
2.307723612223117060e-03
2.066211170039078393e-03
1.343211496789460668e-03
3.389693622280753882e-04
-6.452748435280056261e-04
-1.257902165494913975e-03
-1.273580128162046798e-03
-8.683695493159062587e-04
-3.495224122324388366e-04
3.732357587560341042e-05
1.674854904636718326e-04
6.105489884201774483e-05
-1.063051389723005519e-04
-1.101059677489477303e-05
-1.963950473913269205e-06
-5.039080031374090455e-07
-1.653647272718521947e-07
-4.926114335064148722e-08
-7.987251817216437502e-09
-1.086105947450049950e-09
-4.728322254027143245e-10
-1.243220283928740828e-10
-3.794954601310470428e-11
-1.696239154735689104e-11
-1.051989368771924974e-11
-2.941105929780539541e-12
-1.578436030087729873e-12
-5.781595633626144593e-13
-2.491769137745225428e-13
-6.387698825721971117e-14
-5.525071411993860342e-14
5.659337211381147814e-15
-8.933715972816897141e-15
-3.433839942414378658e-05
3.442442989893722287e-12
-2.422867735072875767e-04
-2.294332720196377851e-03
2.250803652017435708e-03
1.989864144464226214e-03
-3.506976185431165405e-04
-2.775385986700129592e-03
-4.150482607338967789e-03
-4.291403381898595271e-03
-3.438975577789049609e-03
-1.994654629221548348e-03
-3.939535694521545395e-04
9.862175942841888698e-04
1.893586095068677810e-03
2.217985794420174184e-03
1.971246372641510813e-03
1.254257991515898840e-03
2.381265528028850276e-04
-8.288007578615315396e-04
-1.573781203467275371e-03
-1.420198570110494957e-03
-9.083668917029173121e-04
-3.759083348333419269e-04
-2.330817781837730626e-05
7.161574874700702038e-05
-8.233481557734349549e-06
-4.528024684981653443e-05
2.659935647278964508e-05
2.640923112109678288e-05
-1.051615211106459286e-05
-1.602169153574240125e-05
-1.634848261146879035e-05
-7.928523438009940869e-06
-1.142055507469458169e-06
-2.847802554158105764e-08
-3.090652082403810057e-09
-3.502071946169077794e-10
-4.031171766584631401e-11
-1.241424452832290651e-11
-3.846905709283669911e-12
-1.091833620724514123e-12
-4.161010482798335021e-13
-1.399817942222267799e-13
-5.077165616754712008e-14
-1.284164106720065288e-14
-3.998297180062413908e-15
-2.609440406747741040e-15
-4.528721222101854932e-15
-5.252107974851942681e-09
-6.525579905890561017e-04
1.184230990476285933e-03
5.436824075285617841e-03
1.247800482181316006e-03
-2.025255998686081860e-03
-4.255383188052519472e-03
-5.275511781746122786e-03
-5.033197892691743114e-03
-3.791235401802706129e-03
-2.037140461694453286e-03
-2.836642560637425703e-04
1.098184316041694863e-03
1.931267609491471582e-03
2.185021135008652360e-03
1.916039338341168907e-03
1.226109765837320176e-03
2.571682084814008729e-04
-7.932017217167006140e-04
-1.586534697716939467e-03
-1.320878496181325783e-03
-7.814985521803973715e-04
-2.790734241388973056e-04
2.253685313029717661e-05
3.916532826932325913e-05
-1.772790079673294546e-04
-2.599181725989908051e-04
-1.159288709541682344e-04
1.104661589582963912e-05
2.593877463943766929e-05
6.069834188951844621e-05
6.584308794780976038e-05
3.174569357762691945e-05
4.543238837322002255e-06
1.133864126837510472e-07
1.171511818340221136e-08
8.202681504310999943e-10
-2.377980671627359546e-09
-8.364320221161034501e-09
-1.103778613085178026e-09
-7.661389063940670137e-10
-4.151438919592273095e-11
-3.179376449445544834e-13
-3.518357771942389892e-14
-7.038244179844578422e-15
-1.760189949963075512e-15
-7.954524174428208931e-16
2.677395062995025780e-16
4.302630198245732132e-15
-5.970229252356008126e-04
1.194068059578252440e-03
6.866660513859229598e-03
3.478109330781187225e-04
-3.949693991896596756e-03
-6.273675936395051167e-03
-6.795277929801946115e-03
-5.758843874538066565e-03
-3.788027626324130814e-03
-1.621860916823703036e-03
1.757805127274858492e-04
1.380028282854550703e-03
2.000827711534203246e-03
2.126909524665265838e-03
1.836988527567362528e-03
1.210094167142475308e-03
3.802552512081752711e-04
-4.343613477595202610e-04
-9.323616449488278911e-04
-8.674598586137097569e-04
-5.028503040253322516e-04
-1.094441036884967987e-04
1.470574529805817807e-04
1.638870567320705775e-04
-1.154284460641519716e-04
-5.560030925284766435e-04
-3.545036273435469469e-04
-2.192916165038923278e-04
-1.572217915540155889e-04
-1.456783004031133786e-04
-1.095214102301849020e-04
-4.108701902173997485e-05
1.690748947826481772e-06
-3.704379269706876659e-06
-1.060490941629141041e-06
-1.903268676352959539e-08
7.681379204670125619e-09
3.327915713953887448e-08
4.394877328346985345e-09
3.058615110579659494e-09
1.642092029631516430e-10
7.474115813105132772e-13
-9.844009497502314600e-15
-8.770917602461879263e-15
-5.341209977133867837e-16
-1.251936461803724280e-16
-1.529284573343882698e-10
6.012268817259595585e-10
-1.803685074352140858e-09
-1.648216744761775779e-03
4.960837095938308572e-03
-1.001212348358315740e-03
-5.603561894185316028e-03
-8.312180701500859747e-03
-8.214311359080017638e-03
-6.050232824262091746e-03
-3.184033021998322610e-03
-7.064766201364536258e-04
8.701853509338608461e-04
1.676324168103426882e-03
1.987762839919748892e-03
1.977415936993964785e-03
1.688893385689421711e-03
1.157612912116218196e-03
5.044954507101642727e-04
-6.238341348871120906e-05
-3.601601582184001810e-04
-3.653790151380443413e-04
-1.783807337138367671e-04
6.097971517170274261e-05
2.609292630708056129e-04
3.503160081029456537e-04
2.606848316500547710e-04
3.058217495349009000e-05
-1.497892599558627426e-04
-3.497866979252174983e-04
-4.228527282938889377e-04
-5.257500451963568154e-04
-5.403613610975395096e-04
-4.701303743549008381e-04
-4.086857017590587353e-04
-3.523265719683405569e-04
-3.031955757602634405e-04
-2.361960455976871249e-04
-1.507461988115985281e-04
-8.626230352996182066e-05
-6.581904725825126856e-05
-2.532649843065194360e-05
1.411640365044624502e-09
-6.028240020409758542e-10
-4.033763194490814551e-11
-1.750056149205824738e-13
-1.412069132058931544e-15
-3.335449381616421115e-17
-1.480513059728462985e-04
5.905120575428409938e-16
-1.056027137613514379e-04
-1.566562792803706007e-03
6.729178701147447983e-03
-5.520709268502788092e-05
-6.690371139504019959e-03
-9.700206335804151259e-03
-8.645105647711981423e-03
-5.360762221378545522e-03
-1.894831011514330754e-03
4.267509707988614842e-04
1.462262310675199739e-03
1.793765333966190756e-03
1.828027342923033149e-03
1.707950304741329139e-03
1.429360483763394973e-03
9.920055303062266794e-04
4.984158623829657020e-04
1.144455198026674003e-04
-5.542930171743495893e-05
-5.044370251218455170e-05
3.809098324816274916e-05
1.560739939201246512e-04
3.055349884551021578e-04
4.667541891055868725e-04
5.559781153263538764e-04
5.099904078539919949e-04
3.639320746890322734e-04
2.453445805293489180e-04
2.280790607513756194e-04
2.286337812714158931e-04
1.829471518814866442e-04
2.121846228334569689e-05
-3.132087968395705780e-05
-1.334439314646640700e-04
-2.381364740986863465e-04
-3.522373504487849908e-04
-4.692208874836191024e-04
-5.260037590445084928e-04
-5.270675934812779975e-04
-5.726807647147225339e-04
-5.567908862830732311e-04
-4.006316803175342207e-04
-1.850530334913275143e-04
-1.096536491298160770e-05
-2.601255967510675092e-12
1.047965415752793938e-11
4.106403496970327093e-04
-1.648212083415511722e-03
1.375614809910816194e-03
1.110402037563687494e-02
1.920487746274357477e-02
1.204798151367203474e-03
-7.779953475051698542e-03
-8.628832268867459021e-03
-5.626966954666690057e-03
-2.469384333361412942e-03
-4.009004395007509380e-04
8.655235181476150785e-04
1.479887275731062157e-03
1.650432178831900965e-03
1.593612020419771236e-03
1.335701602642944130e-03
9.675114249416000289e-04
6.049196300203091292e-04
3.102249722206906757e-04
9.993161255838350909e-05
-2.575426638621453046e-05
-6.040236139031804341e-05
1.029466497069753128e-06
1.372712008318958260e-04
2.958433052744034730e-04
4.241830776059683783e-04
4.988179725003653170e-04
5.366350183805181778e-04
5.654345253207574556e-04
6.105861026626572229e-04
6.545241533413887099e-04
6.808804785549513357e-04
6.797134754470024898e-04
6.540710005060088560e-04
6.561496753579943234e-04
6.371119483545965596e-04
6.075332778428161901e-04
5.962412266644321907e-04
6.327760684773966462e-04
7.374383705245537296e-04
8.810686648329705108e-04
9.655192323994658517e-04
7.737860406116023456e-04
2.779189453483240811e-04
-2.414726661596333776e-04
-4.832531284408054660e-04
-2.619925197096243568e-04
5.922052658341613778e-04
-1.155959563287449043e-03
-7.144792642626789092e-03
6.426337997519800116e-03
1.699371016645289528e-02
1.497830331770393097e-02
-5.365535302812307616e-03
-8.324402582200657319e-03
-1.565365957363867855e-03
3.086135797560868310e-03
2.658956980682219973e-03
5.750132632245663622e-04
-7.982562368705203859e-05
6.348983056265466995e-04
1.434667532229802478e-03
1.510134729569942436e-03
8.776918221397589370e-04
1.455844638987430217e-04
-1.409328465414791398e-04
4.377066726596323676e-06
9.843022122370259641e-05
-1.717815511482270741e-04
-5.132043133766993337e-04
-4.353905083877007698e-04
4.521976363618812611e-05
3.811624852881820291e-04
2.329093900389246630e-04
-6.307717610126717389e-05
-1.929055506861426794e-05
3.191616326285277860e-04
5.228174612967595447e-04
4.225866839364803354e-04
2.754716200056694236e-04
3.232945179651057141e-04
5.088958384529013862e-04
6.247076177418589213e-04
5.981337260543553511e-04
5.548370490069979774e-04
6.257689602813527700e-04
7.732797844785732275e-04
8.787812827242363033e-04
9.096958598644117391e-04
9.827382577834774344e-04
1.082911358934842989e-03
1.242530244102659030e-03
1.524336592510078811e-03
1.427233580981859167e-03
-1.792426548108298832e-04
7.152941738614743703e-04
-1.586573352934736968e-03
-1.395632507180093011e-02
3.611812799771539628e-03
1.455916333612602975e-02
-1.330553674468449785e-02
-2.364452161842078848e-02
-8.814885768958696799e-03
1.223298658184519827e-02
1.706917441958340914e-02
8.696057470180394711e-03
-8.244189307517885146e-05
-2.248063974699447687e-03
-4.155293573139956509e-04
1.531519394052070770e-03
1.742317005901668214e-03
3.307107947617196619e-04
-1.137061146405965451e-03
-1.301670921262557123e-03
-3.032482926628790598e-04
3.666725924357655542e-04
-3.344236774953240898e-04
-1.443926658170786859e-03
-1.332214269968164111e-03
-2.440288280380897845e-05
7.525177689189088692e-04
-2.473391056359575124e-05
-1.127156959128523817e-03
-1.085979562690166100e-03
-1.757806211135498620e-04
2.037652592711859667e-04
-3.390861523944951883e-04
-8.880164011397326945e-04
-7.898885112690937765e-04
-3.107394011177665866e-04
-9.553851902791010708e-05
-3.163454255369329421e-04
-5.577034935040784194e-04
-4.857968282988393838e-04
-3.164399390759445665e-04
-4.182047040568832516e-04
-6.650678805036796051e-04
-8.370667375230157747e-04
-7.397870957731667377e-04
-5.197007867343808769e-04
-2.516507433444220045e-04
3.585791296982508746e-04
1.008483200882971838e-03
-7.134977488061937032e-05
4.642670189871985105e-04
-8.590398218290773436e-03
3.534645582278794079e-03
1.752795256920496036e-02
-1.454815526426455133e-02
-2.700558130152459768e-02
-4.237140097724759191e-03
1.603594712995880592e-02
1.299222902048137451e-02
2.620237210150314772e-03
-3.503781595170365332e-03
-2.353453232952992108e-03
3.742254024568930637e-04
1.661281518621278430e-03
1.383044120902596902e-03
4.839145649523229897e-05
-1.188647456744691688e-03
-1.200472741247991110e-03
-1.038546765096126645e-05
9.666920584630173119e-04
5.069534100299658008e-05
-1.389767839940159178e-03
-1.338674390149580812e-03
2.108920717919307575e-04
1.188108095158065675e-03
2.728681244995243005e-05
-1.245069543948299287e-03
-1.054544547209405533e-03
1.109486314095093490e-04
3.822029284401015983e-04
-5.017790553535836362e-04
-1.031863390851184802e-03
-8.422761446106675001e-04
-3.533783589163936797e-04
-2.467602184816793109e-04
-6.488410303987770730e-04
-9.783260531486337799e-04
-8.915493624162659954e-04
-6.993963119302296083e-04
-1.031258864514107611e-03
-1.699131869489009863e-03
-2.077528386316594960e-03
-2.111662130628284059e-03
-2.241342604262183159e-03
-2.794066712886456028e-03
-2.779021875619990152e-03
-6.934758302397929682e-04
3.597831913652000746e-04
-4.938158937684098554e-04
-2.179436241911073623e-06
8.717744967644294494e-06
1.965721390025334039e-02
