-3.599651362162493984e-02
-1.904498130802436545e-02
-1.468921543175454730e-02
-1.366115947772539654e-02
-1.356449063053630569e-02
-1.329525409945282385e-02
-1.464052041668890101e-02
-1.454432078909860190e-02
-1.431191824454964082e-02
-1.425959612499712141e-02
-1.554948877793559114e-02
-1.946795800464143356e-02
-1.723034280325810852e-02
-1.360458011390214793e-02
-1.371935124314807401e-02
-1.495941393274509770e-02
-1.558804294591420274e-02
-1.629502147653530061e-02
-1.836325665824167439e-02
-1.708574561590392449e-02
-1.545382010627349700e-02
-1.195008108516103229e-02
-1.795525580602219673e-02
-1.172733168049517119e-02
-1.041959769640657917e-02
-1.343131133366303083e-02
-1.658413488206142428e-02
-2.011940377597753321e-02
-2.104102336058946698e-02
-2.542950847661749197e-02
-2.251678371675675319e-02
-1.873135842849925348e-02
-8.607220998213633775e-03
-1.050681836849660239e-03
1.693096348665032794e-02
3.358705818099083640e-02
4.397793277941645235e-02
5.148184447927292573e-02
5.506318120958902940e-02
5.299288236326792079e-02
5.817285482916698808e-02
5.919956012565353448e-02
5.343593772781470019e-02
4.411130631280830300e-02
3.046408898738052484e-02
1.724049650280855273e-02
4.210219996285279390e-03
-5.641466867822665654e-03
-1.447914990906731814e-02
-2.299357774753246070e-02
-2.791184880064535162e-02
-3.190069406310858113e-02
-4.344344892897925026e-02
-3.704159377066072734e-02
-2.729129302034466464e-02
-1.652416001758734432e-02
-5.227897604729452724e-03
6.948809723075577080e-03
2.223721031164531750e-02
3.844206485322740341e-02
5.651238358116168758e-02
7.285091522729540692e-02
8.168547521359492691e-02
7.886893716715275005e-02
1.202620889421633088e-01
1.313260499494283140e-01
7.877686602175490438e-02
2.737024796749610092e-02
1.065022566501453924e-02
-4.713224110291489716e-03
-2.031402565013413347e-02
-3.580107887032292491e-02
-5.291455619517296260e-02
-6.497906737053160686e-02
-1.252367888236065596e-01
-8.195565541402335952e-02
-4.653120804420476930e-02
-2.324915157771951374e-02
-5.532965097405650318e-03
1.314401003859030567e-02
3.401024773837835191e-02
6.278713452986005306e-02
1.077739766599689480e-01
1.932780167337584676e-01
2.868108079767178742e-01
2.064472985822488615e-01
2.956283310272611597e-01
4.331641836337248641e+00
2.875407475399439639e-01
1.275745530723797483e-01
6.747174123294885639e-02
3.745330160997625835e-02
1.480185559652880296e-02
-4.823419449514490531e-03
-2.497161136492635769e-02
-5.350730475011435117e-02
-1.130660050983871984e-01
-5.138296629416360117e-01
5.407620474981775227e-02
5.389111140086941254e-02
5.033408851241737841e-02
3.959041408986402333e-02
2.465375670352536880e-02
7.832263924609868602e-03
-7.657580218902688279e-03
-1.411145234745985605e-02
-1.696437207518059972e-02
-1.987270338036413453e-02
5.953997897827544711e-02
5.671458446418903981e-02
4.946992736856010292e-02
3.774660274200889593e-02
2.358035015548700514e-02
6.842995974257268764e-03
-8.473714055385970362e-04
-6.732915459972645816e-03
-9.604364665416054506e-03
-1.128790411835886576e-02
-1.268637097594822391e-02
-1.452274257602162444e-02
-1.702965832085833603e-02
9.999999831580635146e+03
-7.418690314889394427e-03
-7.623141070474990372e-03
-7.935287743732845345e-03
-8.335586103033193819e-03
-8.713340836276025833e-03
-9.007856826767246528e-03
-9.147293040356179253e-03
-7.165092117517224760e-03
-7.363376343744744076e-03
-7.777661076988757333e-03
-8.344368780704613381e-03
-8.929732581728314078e-03
-9.353730434761103191e-03
-9.572257591767059648e-03
-6.686376846177708583e-03
-6.817283361716476586e-03
-7.373313780201933704e-03
-8.214586903906508086e-03
-9.136963525138831407e-03
-9.757072251893010237e-03
-1.022006488801458640e-02
-6.425389231087497328e-03
-6.386346917550863624e-03
-6.334342517830622750e-03
-7.912535425796141456e-03
-9.419131997064157658e-03
-1.030622926641372797e-02
-1.114272020408168737e-02
-6.105043698465475663e-03
-5.664778422526172558e-03
-6.052165072777501882e-03
-7.855908620969458134e-03
-9.908001473077781424e-03
-1.070779164144691764e-02
-1.198852062912156465e-02
-6.101044027535503303e-03
-2.039970540658823646e-05
-7.103553615714506587e-03
-7.384049644290655717e-03
-8.244283423505412850e-03
-1.096827412833216442e-02
-1.180335434975254838e-02
-6.271054918535388240e-03
-6.323631852132081607e-03
-6.302428441402083831e-03
-7.083049370190785260e-03
-8.402012596503133715e-03
-1.028265534591348701e-02
-1.062692892208831619e-02
-7.013485818090446806e-03
-7.107755015235791250e-03
-7.366046310571521850e-03
-7.613350692814970823e-03
-8.029874396030315525e-03
-8.480725094106935508e-03
-9.356710971971628904e-03
-6.877561843114151328e-03
-6.942904975254435979e-03
-7.089483870578574230e-03
-6.853586538687254578e-03
-7.438931264088406714e-03
-8.025319275038498429e-03
-8.461849726254589907e-03
-6.727899207495345417e-03
-5.893747428456116468e-03
-6.061798293938284489e-03
-6.478913214762118886e-03
-7.058657155310923276e-03
-7.544025305687293396e-03
-7.904987823862027682e-03
-5.989362838861282332e-03
-5.621135999060110008e-03
-5.652508930093843621e-03
-6.113264059389243721e-03
-6.772574839324323540e-03
-7.235013470613378336e-03
-7.554082172712575302e-03
-7.348250170260263968e-03
-7.581697262506958968e-03
-7.975735090118925633e-03
-8.484986080710348044e-03
-9.021435330306980943e-03
-9.316706806948028483e-03
-9.469313103128830164e-03
-7.002642988706085647e-03
-7.240289217254777115e-03
-7.769848235124420140e-03
-8.506560854227273802e-03
-9.251965528934940133e-03
-9.729321096509868649e-03
-9.996056509610008398e-03
-6.499085603445087234e-03
-6.601433250470327939e-03
-7.190514922687103218e-03
-8.291185523272567165e-03
-9.453288207329555229e-03
-1.025177700401484239e-02
-1.084138958007900208e-02
-6.275820324345877943e-03
-6.134608488711023634e-03
-6.337461307261489651e-03
-7.724994757289737647e-03
-9.794786334136249689e-03
-1.098925240932159368e-02
-1.220079654626444153e-02
-5.760493450355317485e-03
-5.258430892267481824e-03
-5.729964715648729230e-03
-7.759385797335269577e-03
-1.053499450451374220e-02
-1.160255948703422212e-02
-1.393265201409064208e-02
-5.734495436845277877e-03
-1.877222832571342088e-05
-6.815648819094502833e-03
-7.114644505722596442e-03
-8.763720729774607948e-03
-1.185060780898571260e-02
-1.361512573437601709e-02
-6.356498700375447231e-03
-6.371730942700090661e-03
-6.335980392438390549e-03
-6.607500473711385748e-03
-8.401759686175160058e-03
-1.113340130197099098e-02
-1.158766006259163636e-02
-6.821495281764688307e-03
-7.062916239111958344e-03
-7.241539382535406091e-03
-7.666422039596793719e-03
-8.119613927570263137e-03
-8.423517272309189244e-03
-9.881718428742917310e-03
-6.818975743944192397e-03
-6.908270799043108798e-03
-7.108323286137967212e-03
-6.709737325393467719e-03
-7.488616330520831213e-03
-8.215189658401258338e-03
-8.765045883553959985e-03
-6.689635643266788126e-03
-5.813787483922661439e-03
-6.043170105715499341e-03
-6.376375222566788015e-03
-7.046634425611355591e-03
-7.643677758437398585e-03
-8.079501682036365970e-03
-5.943952167194069963e-03
-5.512899765715679155e-03
-5.539371653010870603e-03
-6.163152577625169784e-03
-6.711980010471324531e-03
-7.268947788534481196e-03
-7.650304285475814994e-03
-7.356208011138797714e-03
-7.595955953402880670e-03
-8.003589880223560896e-03
-8.541430489045844648e-03
-9.114144497727431557e-03
-9.407987925978238131e-03
-9.559986720158973605e-03
-6.977176253965934952e-03
-7.228300755018159107e-03
-7.788888157657555301e-03
-8.568057782739817857e-03
-9.353924206520990853e-03
-9.835203593038971057e-03
-1.011332438865891400e-02
-6.465753636434905076e-03
-6.584970285889450020e-03
-7.160587682921371738e-03
-8.330502033738657747e-03
-9.559712762248406479e-03
-1.041426765195644158e-02
-1.101300486777775228e-02
-6.205637119739001659e-03
-6.017278472567684673e-03
-6.341809200869538352e-03
-7.687718166405723037e-03
-9.920144203682295519e-03
-1.122203334150216787e-02
-1.250945130523456114e-02
-5.619656103992974605e-03
-5.068776005838134327e-03
-5.506565659198834131e-03
-7.727499190093517836e-03
-1.073431399201817474e-02
-1.190006349093809118e-02
-1.454066294089673833e-02
-5.576272499870317187e-03
-1.555866497319105643e-05
-6.809581686353856009e-03
-7.059392870331836385e-03
-8.803826748174375591e-03
-1.208405434120241040e-02
-1.417165127291343182e-02
-6.383635306485264602e-03
-6.332471481683124050e-03
-6.370935286607534026e-03
-6.543340695534740833e-03
-8.127777187589817903e-03
-1.135292753106379587e-02
-1.187298786373986934e-02
-6.795948514973471424e-03
-6.471958497619459405e-03
-7.220418157073828919e-03
-7.701282845953178434e-03
-8.141675603290926891e-03
-8.674294758708516948e-03
-1.002755056680294625e-02
-6.832149596705546987e-03
-6.930057418298465194e-03
-7.129195861580913014e-03
-6.703898456593196213e-03
-7.518468119562402886e-03
-8.269876734472674309e-03
-8.844826431422543600e-03
-6.694094827878761464e-03
-5.783223969048055871e-03
-6.047445342603571632e-03
-6.360871936152938735e-03
-7.060017232704872761e-03
-7.679279219147292987e-03
-8.129032171377047547e-03
-5.929872333019021308e-03
-5.502055552865165594e-03
-5.527881433149762699e-03
-6.181614818268191258e-03
-6.716111883983825678e-03
-7.294507993780343161e-03
-7.688908766731863270e-03
-7.424631248587994919e-03
-7.511313792406647608e-03
-7.644257207577937266e-03
-7.802082302124209445e-03
-7.831304538297285955e-03
-8.032399414868291593e-03
-8.062388163093289067e-03
-7.368718261663058204e-03
-7.467988778271824647e-03
-7.624631692740416883e-03
-7.835258147567442100e-03
-8.061150699282296564e-03
-8.253790132291650289e-03
-8.285889179602167615e-03
-6.942763626970009129e-03
-7.080502803163971764e-03
-7.496572629051957183e-03
-7.852016247818328215e-03
-8.297836690350819319e-03
-8.558562309640766613e-03
-8.625187250907922348e-03
-6.719325439172264477e-03
-6.715568543274708958e-03
-6.919158597949105066e-03
-7.886557258419378547e-03
-8.556273678562875684e-03
-8.927118610863569309e-03
-9.019876913482114192e-03
-6.457028416417249714e-03
-5.661596493861267496e-03
-5.890637937302522706e-03
-7.631388510675189002e-03
-9.084532263325822282e-03
-9.229353567608721345e-03
-9.116559468840060299e-03
-6.405323020523810175e-03
-2.736576463110081971e-05
-7.603020565268086943e-03
-7.538083563439436710e-03
-7.602538911385374985e-03
-9.346584211133109055e-03
-9.072545627924779449e-03
-6.660719203465568020e-03
-6.654747768334731695e-03
-6.776377929192018562e-03
-7.253237391348144047e-03
-7.761811931485445605e-03
-9.052517702873645947e-03
-8.743873355460438090e-03
-7.337404786987629206e-03
-6.762734119213823988e-03
-7.499016391712999552e-03
-7.280542300562214096e-03
-7.466281156952147419e-03
-7.702560285732440101e-03
-8.006501537489012568e-03
-6.919196304635327234e-03
-6.942154023073611457e-03
-7.006353920013072556e-03
-6.612966764079448653e-03
-6.982630707330361036e-03
-7.299180795938570859e-03
-7.522699237756092470e-03
-6.815722788563551883e-03
-5.619578734822119025e-03
-5.872849283772247318e-03
-6.303963819519105456e-03
-6.757564556035490846e-03
-7.037007315258854249e-03
-7.231796461608289324e-03
-5.786531321551682122e-03
-5.293145342018199320e-03
-5.288288741685900560e-03
-6.031637106302727321e-03
-6.599141110195202997e-03
-6.876972632735440724e-03
-7.057878903940231763e-03
-7.406863327592572502e-03
-7.503576991759195250e-03
-7.660194600182152619e-03
-7.881905825659724432e-03
-8.072905782299074490e-03
-8.154384034223350480e-03
-8.117624912286475897e-03
-7.321252700653809592e-03
-7.444623343014384297e-03
-7.673320755426093175e-03
-8.000927478135348714e-03
-8.333301216435700515e-03
-8.457580617403726367e-03
-8.395265745850498396e-03
-6.905527437782909596e-03
-6.971950244420361750e-03
-7.485783183421574130e-03
-7.986864851964039017e-03
-8.551060825594274453e-03
-8.887051382898908738e-03
-8.873371374522539407e-03
-6.497495116366176077e-03
-6.295676740097796466e-03
-6.695493673339733207e-03
-7.734945733512780044e-03
-8.892115520853805313e-03
-9.454649262525698095e-03
-9.806248175284583771e-03
-5.988458427140517723e-03
-4.272226306727459899e-03
-4.636174536301681734e-03
-7.472947190964873004e-03
-9.783513308452427421e-03
-1.001759458135909227e-02
-1.150528842405049157e-02
-5.882032095516336739e-03
-2.165420530748016350e-05
-7.243659253834367970e-03
-7.350671803923762224e-03
-8.226889717047691439e-03
-1.021989316084185792e-02
-1.119092906749847779e-02
-6.560187746642433954e-03
-6.586971717837568525e-03
-6.733749139046872785e-03
-6.956404198868258032e-03
-6.755914731521322700e-03
-9.669117794692649870e-03
-9.331167388082881389e-03
-7.183335539565583946e-03
-6.556340449463478499e-03
-7.319141514886059498e-03
-7.286784988393522552e-03
-7.423552727826585387e-03
-7.543039657050542093e-03
-8.182116355814405412e-03
-6.940775071638021626e-03
-6.971128514998748554e-03
-7.040079555455618435e-03
-6.523614658449914880e-03
-6.956066272450522545e-03
-7.322804639903042478e-03
-7.570082832911590939e-03
-6.867969319105595924e-03
-5.495127512357606686e-03
-5.774857997854919781e-03
-6.254463458897211933e-03
-6.717025874912093894e-03
-7.032918732576597456e-03
-7.245355422119552184e-03
-5.694137177680413942e-03
-5.001763174308566061e-03
-4.934877641762197911e-03
-5.962102535863511923e-03
-6.550408550271336061e-03
-6.858664185088896026e-03
-7.056627471758692219e-03
-7.325438241481393130e-03
-7.587151507467960326e-03
-8.035134128371364953e-03
-8.666541932040104645e-03
-9.442458407069967072e-03
-9.592237245626203390e-03
-9.646761054573807503e-03
-6.929620797328095091e-03
-7.211341223675758055e-03
-7.870626575676553660e-03
-8.824572529560113787e-03
-9.785410880597521580e-03
-1.016266288795813003e-02
-1.029495413055659010e-02
-6.560316990350251523e-03
-6.549971180033612936e-03
-7.154454867859366164e-03
-8.569281491389619740e-03
-1.002344214825070905e-02
-1.101132067205138308e-02
-1.144055740414798988e-02
-5.868369805413531023e-03
-5.376331990669656370e-03
-6.066016263823612725e-03
-7.578011088442599547e-03
-1.059541261634688522e-02
-1.222450700183731580e-02
-1.395050052962972138e-02
-4.889089476967211495e-03
-1.934170167283898352e-03
-2.635286611239590331e-03
-7.727617419612070777e-03
-1.226401623957991752e-02
-1.345227354003426454e-02
-1.891811000417101957e-02
-4.792060441378089355e-03
-3.486229533342967424e-05
-6.553042365051756427e-03
-6.895694117036369267e-03
-8.930991313964357220e-03
-1.399077400599173758e-02
-1.805756960358309571e-02
-6.262151133205461073e-03
-6.265808793652527693e-03
-6.348737939669920130e-03
-6.376778530444346046e-03
-7.456607106306929050e-03
-1.271028652369472940e-02
-1.292113625114340442e-02
-6.255760429665946018e-03
-6.491251193299378205e-03
-7.276781537635522434e-03
-7.736766524735982052e-03
-8.119821077047447572e-03
-8.620168398340892491e-03
-1.031100761885337357e-02
-6.857567359507359822e-03
-6.979170264385793458e-03
-7.190558003199091705e-03
-6.598802477820081211e-03
-7.454087424436422506e-03
-8.299771179915196515e-03
-8.908217415740396494e-03
-6.762258459363762464e-03
-5.447343856563557386e-03
-5.792675056237636677e-03
-6.330082111643185044e-03
-6.983157644953651502e-03
-7.660557839188564255e-03
-8.140802263987636372e-03
-5.694569650650146628e-03
-4.817573051321108295e-03
-4.646174184643232438e-03
-6.008995487581115721e-03
-6.621125137696207141e-03
-7.263993568199035404e-03
-7.680986923829800743e-03
-7.317678232236081264e-03
-7.572051875469007834e-03
-8.007723088622999141e-03
-8.632088659357705154e-03
-9.489662199145348920e-03
-9.540313896298667148e-03
-9.576032839997389301e-03
-6.930339581397661555e-03
-7.207549753614110079e-03
-7.868961418145966474e-03
-8.829771957596406831e-03
-9.788363807770438657e-03
-1.013458702637863758e-02
-1.021428004798712909e-02
-6.563168966318688562e-03
-6.415220141762337236e-03
-7.202002654478461760e-03
-8.583735912253628864e-03
-1.000701311062026679e-02
-1.097400986769586813e-02
-1.135920064874607061e-02
-5.858288272491390253e-03
-5.341392053211272556e-03
-6.068020401305253275e-03
-7.617881554649855516e-03
-1.059021930603426878e-02
-1.217184360834363231e-02
-1.390610432522065842e-02
-4.876501768395821897e-03
-3.320399664585417434e-03
-3.817216655654248787e-03
-7.792798416874674623e-03
-1.224585288515162018e-02
-1.345728987742349572e-02
-1.936311667394993719e-02
-4.781397974596470965e-03
-3.200765771227234745e-05
-6.450637191756366379e-03
-6.891562370762033436e-03
-9.082659940042352859e-03
-1.398072608655009236e-02
-1.840482831560462385e-02
-6.258001546261790157e-03
-6.274370361984987592e-03
-6.361964701863211114e-03
-6.421669227855312384e-03
-7.567925347665976389e-03
-1.263885571782601136e-02
-1.285377806201082156e-02
-6.311270794941436363e-03
-6.467202845517754789e-03
-6.587638870482109832e-03
-7.706412067510728936e-03
-8.080696716606628263e-03
-8.320346172813339325e-03
-1.023039219777605729e-02
-6.850229262964361437e-03
-6.964258584779269359e-03
-7.176511655439863843e-03
-6.600622692173332973e-03
-7.422696886665943253e-03
-8.248181155020642419e-03
-8.846044755807474722e-03
-6.746952249884527637e-03
-5.474470060856259646e-03
-5.777385382236148448e-03
-6.301693428841572200e-03
-6.956769948620639306e-03
-7.622987307770702492e-03
-8.095409296543272168e-03
-5.683208776123832226e-03
-4.765117370521452199e-03
-4.573864754254729388e-03
-5.992072606188982888e-03
-6.597363579244125073e-03
-7.237849211425229079e-03
-7.645932363418198562e-03
-7.376328116848171468e-03
-7.598535979925618092e-03
-7.974231445776389787e-03
-8.531317349481646814e-03
-9.415223310152910641e-03
-9.313601941310494306e-03
-9.295264918465061948e-03
-7.050465547953789665e-03
-7.304725754360365600e-03
-7.908643168581365804e-03
-8.815683997126486787e-03
-9.706747324042364067e-03
-9.921886351612813071e-03
-9.869552964034243245e-03
-6.584994786463150077e-03
-6.570933323068130563e-03
-7.504733910020067525e-03
-8.722121561185828056e-03
-9.887655700583586338e-03
-1.072942927680965719e-02
-1.091037895384440459e-02
-5.864600333873521906e-03
-5.333603359969013927e-03
-6.106363817772834761e-03
-7.907858943390244644e-03
-1.047277397517553527e-02
-1.187538234520965109e-02
-1.361840611318396524e-02
-4.939346080306170408e-03
-2.495665941328692287e-03
-3.250556915130200716e-03
-7.707581286081915777e-03
-1.220013994572550879e-02
-1.310498543888101788e-02
-1.917198367717827187e-02
-4.846513943691445510e-03
-3.573917793308561497e-05
-6.574876515954352491e-03
-7.005578223630170957e-03
-8.658716494965223651e-03
-1.364297604086475019e-02
-1.824315889551564665e-02
-6.276885115258793238e-03
-6.308072611613837338e-03
-6.394859636103899722e-03
-6.547424327838714982e-03
-7.356581988685436529e-03
-1.220662948006007685e-02
-1.228085275081464839e-02
-6.548796615333737914e-03
-6.489350556557556618e-03
-6.698541934607860418e-03
-7.650026225616073441e-03
-7.972707429574553764e-03
-8.375711377663139570e-03
-9.832725378102475169e-03
-6.922827589796421224e-03
-7.021724726273855313e-03
-7.198317714166653850e-03
-6.627221217025727230e-03
-7.344915862859097144e-03
-8.074264794914201571e-03
-8.590265491334871800e-03
-6.829211563455294537e-03
-5.461020697301484372e-03
-5.764311344456207742e-03
-6.283210287008652098e-03
-6.932795374636611073e-03
-7.522857222097332694e-03
-7.936559934621858353e-03
-5.673338132515214939e-03
-4.716024998554052897e-03
-4.529781314765060456e-03
-5.980651109621872366e-03
-6.621653391055910658e-03
-7.184228370083431750e-03
-7.543506359784833172e-03
2.499999957895159053e+00
2.499999957895159053e+00
2.499999957895159053e+00
2.499999957895159053e+00
2.499999957895159053e+00
2.499999957895159053e+00
2.499999957895159053e+00
2.499999957895159053e+00
2.499999957895159053e+00
2.499999957895159053e+00
2.499999957895159053e+00
2.499999957895159053e+00
2.499999957895159053e+00
2.499999957895159053e+00
2.499999957895159053e+00
2.499999957895159053e+00
2.499999957895159053e+00
2.499999957895159053e+00
2.499999957895159053e+00
2.499999957895159053e+00
2.499999957895159053e+00
2.499999957895159053e+00
2.499999957895159053e+00
2.499999957895159053e+00
2.499999957895159053e+00
2.499999957895159053e+00
2.499999957895159053e+00
2.499999957895159053e+00
2.499999957895159053e+00
2.499999957895159053e+00
2.499999957895159053e+00
2.499999957895159053e+00
2.499999957895159053e+00
2.499999957895159053e+00
2.499999957895159053e+00
2.499999957895159053e+00
2.499999957895159053e+00
2.499999957895159053e+00
2.499999957895159053e+00
2.499999957895159053e+00
2.499999957895159053e+00
2.499999957895159053e+00
2.499999957895159053e+00
2.499999957895159053e+00
2.499999957895159053e+00
2.499999957895159053e+00
2.499999957895159053e+00
2.499999957895159053e+00
2.499999957895159053e+00
2.499999957895159053e+00
2.499999957895159053e+00
2.499999957895159053e+00
2.499999957895159053e+00
2.499999957895159053e+00
2.499999957895159053e+00
2.499999957895159053e+00
2.499999957895159053e+00
2.499999957895159053e+00
2.499999957895159053e+00
2.499999957895159053e+00
2.499999957895159053e+00
2.499999957895159053e+00
2.499999957895159053e+00
2.499999957895159053e+00
2.499999957895159053e+00
2.499999957895159053e+00
2.499999957895159053e+00
2.499999957895159053e+00
2.499999957895159053e+00
2.499999957895159053e+00
2.499999957895159053e+00
2.499999957895159053e+00
2.499999957895159053e+00
2.499999957895159053e+00
2.499999957895159053e+00
2.499999957895159053e+00
2.499999957895159053e+00
2.499999957895159053e+00
2.499999957895159053e+00
2.499999957895159053e+00
2.499999957895159053e+00
2.499999957895159053e+00
2.499999957895159053e+00
2.499999957895159053e+00
2.499999957895159053e+00
2.499999957895159053e+00
2.499999957895159053e+00
2.499999957895159053e+00
2.499999957895159053e+00
2.499999957895159053e+00
2.499999957895159053e+00
2.499999957895159053e+00
2.499999957895159053e+00
2.499999957895159053e+00
2.499999957895159053e+00
2.499999957895159053e+00
2.499999957895159053e+00
2.499999957895159053e+00
2.499999957895159053e+00
2.499999957895159053e+00
2.499999957895159053e+00
2.499999957895159053e+00
2.499999957895159053e+00
2.499999957895159053e+00
2.499999957895159053e+00
2.499999957895159053e+00
2.499999957895159053e+00
2.499999957895159053e+00
2.499999957895159053e+00
2.499999957895159053e+00
2.499999957895159053e+00
2.499999957895159053e+00
2.499999957895159053e+00
2.499999957895159053e+00
2.499999957895159053e+00
2.499999957895159053e+00
2.499999957895159053e+00
2.499999957895159053e+00
2.499999957895159053e+00
2.499999957895159053e+00
2.499999957895159053e+00
2.499999957895159053e+00
2.499999957895159053e+00
2.499999957895159053e+00
2.499999957895159053e+00
2.499999957895159053e+00
2.499999957895159053e+00
2.499999957895159053e+00
2.499999957895159053e+00
2.499999957895159053e+00
2.499999957895159053e+00
2.499999957895159053e+00
2.499999957895159053e+00
2.499999957895159053e+00
2.499999957895159053e+00
2.499999957895159053e+00
2.499999957895159053e+00
2.499999957895159053e+00
2.499999957895159053e+00
2.499999957895159053e+00
2.499999957895159053e+00
2.499999957895159053e+00
2.499999957895159053e+00
2.499999957895159053e+00
2.499999957895159053e+00
2.499999957895159053e+00
2.499999957895159053e+00
2.499999957895159053e+00
2.499999957895159053e+00
2.499999957895159053e+00
2.499999957895159053e+00
2.499999957895159053e+00
2.499999957895159053e+00
2.499999957895159053e+00
2.499999957895159053e+00
2.499999957895159053e+00
2.499999957895159053e+00
2.499999957895159053e+00
2.499999957895159053e+00
2.499999957895159053e+00
2.499999957895159053e+00
2.499999957895159053e+00
2.499999957895159053e+00
2.499999957895159053e+00
2.499999957895159053e+00
2.499999957895159053e+00
2.499999957895159053e+00
2.499999957895159053e+00
2.499999957895159053e+00
2.499999957895159053e+00
2.499999957895159053e+00
2.499999957895159053e+00
2.499999957895159053e+00
2.499999957895159053e+00
2.499999957895159053e+00
2.499999957895159053e+00
2.499999957895159053e+00
2.499999957895159053e+00
2.499999957895159053e+00
2.499999957895159053e+00
2.499999957895159053e+00
2.499999957895159053e+00
2.499999957895159053e+00
2.499999957895159053e+00
2.499999957895159053e+00
2.499999957895159053e+00
2.499999957895159053e+00
2.499999957895159053e+00
2.499999957895159053e+00
2.499999957895159053e+00
2.499999957895159053e+00
2.499999957895159053e+00
2.499999957895159053e+00
2.499999957895159053e+00
2.499999957895159053e+00
2.499999957895159053e+00
2.499999957895159053e+00
2.499999957895159053e+00
2.499999957895159053e+00
2.499999957895159053e+00
2.499999957895159053e+00
2.499999957895159053e+00
2.499999957895159053e+00
2.499999957895159053e+00
2.499999957895159053e+00
2.499999957895159053e+00
2.499999957895159053e+00
2.499999957895159053e+00
2.499999957895159053e+00
2.499999957895159053e+00
2.499999957895159053e+00
2.499999957895159053e+00
2.499999957895159053e+00
2.499999957895159053e+00
2.499999957895159053e+00
2.499999957895159053e+00
2.499999957895159053e+00
2.499999957895159053e+00
2.499999957895159053e+00
2.499999957895159053e+00
2.499999957895159053e+00
2.499999957895159053e+00
2.499999957895159053e+00
2.499999957895159053e+00
2.499999957895159053e+00
2.499999957895159053e+00
2.499999957895159053e+00
2.499999957895159053e+00
2.499999957895159053e+00
2.499999957895159053e+00
2.499999957895159053e+00
2.499999957895159053e+00
2.499999957895159053e+00
2.499999957895159053e+00
2.499999957895159053e+00
2.499999957895159053e+00
2.499999957895159053e+00
2.499999957895159053e+00
2.499999957895159053e+00
2.499999957895159053e+00
2.499999957895159053e+00
2.499999957895159053e+00
2.499999957895159053e+00
2.499999957895159053e+00
2.499999957895159053e+00
2.499999957895159053e+00
2.499999957895159053e+00
2.499999957895159053e+00
2.499999957895159053e+00
2.499999957895159053e+00
2.499999957895159053e+00
2.499999957895159053e+00
2.499999957895159053e+00
2.499999957895159053e+00
2.499999957895159053e+00
2.499999957895159053e+00
2.499999957895159053e+00
2.499999957895159053e+00
2.499999957895159053e+00
2.499999957895159053e+00
2.499999957895159053e+00
2.499999957895159053e+00
2.499999957895159053e+00
2.499999957895159053e+00
2.499999957895159053e+00
2.499999957895159053e+00
2.499999957895159053e+00
2.499999957895159053e+00
2.499999957895159053e+00
2.499999957895159053e+00
2.499999957895159053e+00
2.499999957895159053e+00
2.499999957895159053e+00
2.499999957895159053e+00
2.499999957895159053e+00
2.499999957895159053e+00
2.499999957895159053e+00
2.499999957895159053e+00
2.499999957895159053e+00
2.499999957895159053e+00
2.499999957895159053e+00
2.499999957895159053e+00
2.499999957895159053e+00
2.499999957895159053e+00
2.499999957895159053e+00
2.499999957895159053e+00
2.499999957895159053e+00
2.499999957895159053e+00
2.499999957895159053e+00
2.499999957895159053e+00
2.499999957895159053e+00
2.499999957895159053e+00
2.499999957895159053e+00
2.499999957895159053e+00
2.499999957895159053e+00
2.499999957895159053e+00
2.499999957895159053e+00
2.499999957895159053e+00
2.499999957895159053e+00
2.499999957895159053e+00
2.499999957895159053e+00
2.499999957895159053e+00
2.499999957895159053e+00
2.499999957895159053e+00
2.499999957895159053e+00
2.499999957895159053e+00
2.499999957895159053e+00
2.499999957895159053e+00
2.499999957895159053e+00
2.499999957895159053e+00
2.499999957895159053e+00
2.499999957895159053e+00
2.499999957895159053e+00
2.499999957895159053e+00
2.499999957895159053e+00
2.499999957895159053e+00
2.499999957895159053e+00
2.499999957895159053e+00
2.499999957895159053e+00
2.499999957895159053e+00
2.499999957895159053e+00
2.499999957895159053e+00
2.499999957895159053e+00
2.499999957895159053e+00
2.499999957895159053e+00
2.499999957895159053e+00
2.499999957895159053e+00
2.499999957895159053e+00
2.499999957895159053e+00
2.499999957895159053e+00
2.499999957895159053e+00
2.499999957895159053e+00
2.499999957895159053e+00
2.499999957895159053e+00
2.499999957895159053e+00
2.499999957895159053e+00
2.499999957895159053e+00
2.499999957895159053e+00
2.499999957895159053e+00
2.499999957895159053e+00
2.499999957895159053e+00
2.499999957895159053e+00
2.499999957895159053e+00
2.499999957895159053e+00
2.499999957895159053e+00
2.499999957895159053e+00
2.499999957895159053e+00
2.499999957895159053e+00
2.499999957895159053e+00
2.499999957895159053e+00
2.499999957895159053e+00
2.499999957895159053e+00
2.499999957895159053e+00
2.499999957895159053e+00
2.499999957895159053e+00
2.499999957895159053e+00
2.499999957895159053e+00
2.499999957895159053e+00
2.499999957895159053e+00
2.499999957895159053e+00
2.499999957895159053e+00
2.499999957895159053e+00
2.499999957895159053e+00
2.499999957895159053e+00
2.499999957895159053e+00
2.499999957895159053e+00
2.499999957895159053e+00
2.499999957895159053e+00
2.499999957895159053e+00
2.499999957895159053e+00
2.499999957895159053e+00
2.499999957895159053e+00
2.499999957895159053e+00
2.499999957895159053e+00
2.499999957895159053e+00
2.499999957895159053e+00
2.499999957895159053e+00
2.499999957895159053e+00
2.499999957895159053e+00
2.499999957895159053e+00
2.499999957895159053e+00
2.499999957895159053e+00
2.499999957895159053e+00
2.499999957895159053e+00
2.499999957895159053e+00
2.499999957895159053e+00
2.499999957895159053e+00
2.499999957895159053e+00
2.499999957895159053e+00
2.499999957895159053e+00
2.499999957895159053e+00
2.499999957895159053e+00
2.499999957895159053e+00
2.499999957895159053e+00
2.499999957895159053e+00
2.499999957895159053e+00
2.499999957895159053e+00
2.499999957895159053e+00
2.499999957895159053e+00
2.499999957895159053e+00
2.499999957895159053e+00
2.499999957895159053e+00
2.499999957895159053e+00
2.499999957895159053e+00
2.499999957895159053e+00
2.499999957895159053e+00
2.499999957895159053e+00
2.499999957895159053e+00
2.499999957895159053e+00
2.499999957895159053e+00
2.499999957895159053e+00
2.499999957895159053e+00
2.499999957895159053e+00
2.499999957895159053e+00
2.499999957895159053e+00
2.499999957895159053e+00
2.499999957895159053e+00
2.499999957895159053e+00
2.499999957895159053e+00
2.499999957895159053e+00
2.499999957895159053e+00
2.499999957895159053e+00
2.499999957895159053e+00
2.499999957895159053e+00
2.499999957895159053e+00
2.499999957895159053e+00
2.499999957895159053e+00
2.499999957895159053e+00
2.499999957895159053e+00
2.499999957895159053e+00
2.499999957895159053e+00
2.499999957895159053e+00
2.499999957895159053e+00
2.499999957895159053e+00
2.499999957895159053e+00
2.499999957895159053e+00
2.499999957895159053e+00
2.499999957895159053e+00
2.499999957895159053e+00
2.499999957895159053e+00
2.499999957895159053e+00
2.499999957895159053e+00
2.499999957895159053e+00
2.499999957895159053e+00
2.499999957895159053e+00
2.499999957895159053e+00
2.499999957895159053e+00
2.499999957895159053e+00
2.499999957895159053e+00
2.499999957895159053e+00
2.499999957895159053e+00
2.499999957895159053e+00
2.499999957895159053e+00
2.499999957895159053e+00
2.499999957895159053e+00
2.499999957895159053e+00
2.499999957895159053e+00
2.499999957895159053e+00
2.499999957895159053e+00
2.499999957895159053e+00
2.499999957895159053e+00
2.499999957895159053e+00
2.499999957895159053e+00
2.499999957895159053e+00
2.499999957895159053e+00
2.499999957895159053e+00
2.499999957895159053e+00
2.499999957895159053e+00
2.499999957895159053e+00
2.499999957895159053e+00
2.499999957895159053e+00
2.499999957895159053e+00
2.499999957895159053e+00
2.499999957895159053e+00
2.499999957895159053e+00
2.499999957895159053e+00
2.499999957895159053e+00
2.499999957895159053e+00
2.499999957895159053e+00
2.499999957895159053e+00
2.499999957895159053e+00
2.499999957895159053e+00
2.499999957895159053e+00
2.499999957895159053e+00
2.499999957895159053e+00
2.499999957895159053e+00
2.499999957895159053e+00
2.499999957895159053e+00
2.499999957895159053e+00
2.499999957895159053e+00
2.499999957895159053e+00
2.499999957895159053e+00
2.499999957895159053e+00
2.499999957895159053e+00
2.499999957895159053e+00
2.499999957895159053e+00
2.499999957895159053e+00
2.499999957895159053e+00
2.499999957895159053e+00
2.499999957895159053e+00
2.499999957895159053e+00
2.499999957895159053e+00
2.499999957895159053e+00
2.499999957895159053e+00
2.499999957895159053e+00
2.499999957895159053e+00
2.499999957895159053e+00
2.499999957895159053e+00
2.499999957895159053e+00
2.499999957895159053e+00
2.499999957895159053e+00
2.499999957895159053e+00
2.499999957895159053e+00
2.499999957895159053e+00
2.499999957895159053e+00
2.499999957895159053e+00
2.499999957895159053e+00
2.499999957895159053e+00
2.499999957895159053e+00
2.499999957895159053e+00
2.499999957895159053e+00
2.499999957895159053e+00
2.499999957895159053e+00
2.499999957895159053e+00
2.499999957895159053e+00
2.499999957895159053e+00
2.499999957895159053e+00
2.499999957895159053e+00
2.499999957895159053e+00
2.499999957895159053e+00
2.499999957895159053e+00
2.499999957895159053e+00
2.499999957895159053e+00
2.499999957895159053e+00
2.499999957895159053e+00
2.499999957895159053e+00
2.499999957895159053e+00
2.499999957895159053e+00
2.499999957895159053e+00
2.499999957895159053e+00
2.499999957895159053e+00
2.499999957895159053e+00
2.499999957895159053e+00
2.499999957895159053e+00
2.499999957895159053e+00
2.499999957895159053e+00
2.499999957895159053e+00
2.499999957895159053e+00
2.499999957895159053e+00
2.499999957895159053e+00
2.499999957895159053e+00
2.499999957895159053e+00
2.499999957895159053e+00
2.499999957895159053e+00
2.499999957895159053e+00
2.499999957895159053e+00
2.499999957895159053e+00
2.499999957895159053e+00
2.499999957895159053e+00
2.499999957895159053e+00
2.499999957895159053e+00
2.499999957895159053e+00
2.499999957895159053e+00
2.499999957895159053e+00
2.499999957895159053e+00
2.499999957895159053e+00
2.499999957895159053e+00
2.499999957895159053e+00
2.499999957895159053e+00
2.499999957895159053e+00
2.499999957895159053e+00
2.499999957895159053e+00
2.499999957895159053e+00
2.499999957895159053e+00
2.499999957895159053e+00
2.499999957895159053e+00
2.499999957895159053e+00
2.499999957895159053e+00
2.499999957895159053e+00
2.499999957895159053e+00
2.499999957895159053e+00
2.499999957895159053e+00
2.499999957895159053e+00
2.499999957895159053e+00
2.499999957895159053e+00
2.499999957895159053e+00
2.499999957895159053e+00
2.499999957895159053e+00
2.499999957895159053e+00
2.499999957895159053e+00
2.499999957895159053e+00
2.499999957895159053e+00
2.499999957895159053e+00
2.499999957895159053e+00
2.499999957895159053e+00
2.499999957895159053e+00
2.499999957895159053e+00
2.499999957895159053e+00
2.499999957895159053e+00
2.499999957895159053e+00
2.499999957895159053e+00
2.499999957895159053e+00
2.499999957895159053e+00
2.499999957895159053e+00
2.499999957895159053e+00
2.499999957895159053e+00
2.499999957895159053e+00
2.499999957895159053e+00
2.499999957895159053e+00
2.499999957895159053e+00
2.499999957895159053e+00
2.499999957895159053e+00
2.499999957895159053e+00
2.499999957895159053e+00
2.499999957895159053e+00
2.499999957895159053e+00
