2.030000000000000000e+02 1.500000000000000000e+02 -9.000000000000000000e+00
2.030000000000000000e+02 1.555555555555555429e+02 -9.000000000000000000e+00
2.030000000000000000e+02 1.611111111111111143e+02 -9.000000000000000000e+00
2.030000000000000000e+02 1.666666666666666572e+02 -9.000000000000000000e+00
2.030000000000000000e+02 1.722222222222222285e+02 -9.000000000000000000e+00
2.030000000000000000e+02 1.777777777777777715e+02 -9.000000000000000000e+00
2.030000000000000000e+02 1.833333333333333144e+02 -9.000000000000000000e+00
2.030000000000000000e+02 1.888888888888888857e+02 -9.000000000000000000e+00
2.030000000000000000e+02 1.944444444444444571e+02 -9.000000000000000000e+00
2.030000000000000000e+02 2.000000000000000000e+02 -9.000000000000000000e+00
2.148333333333333428e+02 1.500000000000000000e+02 -9.000000000000000000e+00
2.148333333333333428e+02 1.555555555555555429e+02 -9.000000000000000000e+00
2.148333333333333428e+02 1.611111111111111143e+02 -9.000000000000000000e+00
2.148333333333333428e+02 1.666666666666666572e+02 -9.000000000000000000e+00
2.148333333333333428e+02 1.722222222222222285e+02 -9.000000000000000000e+00
2.148333333333333428e+02 1.777777777777777715e+02 -9.000000000000000000e+00
2.148333333333333428e+02 1.833333333333333144e+02 -9.000000000000000000e+00
2.148333333333333428e+02 1.888888888888888857e+02 -9.000000000000000000e+00
2.148333333333333428e+02 1.944444444444444571e+02 -9.000000000000000000e+00
2.148333333333333428e+02 2.000000000000000000e+02 -9.000000000000000000e+00
2.266666666666666572e+02 1.500000000000000000e+02 -9.000000000000000000e+00
2.266666666666666572e+02 1.555555555555555429e+02 -9.000000000000000000e+00
2.266666666666666572e+02 1.611111111111111143e+02 -9.000000000000000000e+00
2.266666666666666572e+02 1.666666666666666572e+02 -9.000000000000000000e+00
2.266666666666666572e+02 1.722222222222222285e+02 -9.000000000000000000e+00
2.266666666666666572e+02 1.777777777777777715e+02 -9.000000000000000000e+00
2.266666666666666572e+02 1.833333333333333144e+02 -9.000000000000000000e+00
2.266666666666666572e+02 1.888888888888888857e+02 -9.000000000000000000e+00
2.266666666666666572e+02 1.944444444444444571e+02 -9.000000000000000000e+00
2.266666666666666572e+02 2.000000000000000000e+02 -9.000000000000000000e+00
2.385000000000000000e+02 1.500000000000000000e+02 -9.000000000000000000e+00
2.385000000000000000e+02 1.555555555555555429e+02 -9.000000000000000000e+00
2.385000000000000000e+02 1.611111111111111143e+02 -9.000000000000000000e+00
2.385000000000000000e+02 1.666666666666666572e+02 -9.000000000000000000e+00
2.385000000000000000e+02 1.722222222222222285e+02 -9.000000000000000000e+00
2.385000000000000000e+02 1.777777777777777715e+02 -9.000000000000000000e+00
2.385000000000000000e+02 1.833333333333333144e+02 -9.000000000000000000e+00
2.385000000000000000e+02 1.888888888888888857e+02 -9.000000000000000000e+00
2.385000000000000000e+02 1.944444444444444571e+02 -9.000000000000000000e+00
2.385000000000000000e+02 2.000000000000000000e+02 -9.000000000000000000e+00
2.030000000000000000e+02 1.500000000000000000e+02 -8.000000000000000000e+00
2.030000000000000000e+02 1.555555555555555429e+02 -8.000000000000000000e+00
2.030000000000000000e+02 1.611111111111111143e+02 -8.000000000000000000e+00
2.030000000000000000e+02 1.666666666666666572e+02 -8.000000000000000000e+00
2.030000000000000000e+02 1.722222222222222285e+02 -8.000000000000000000e+00
2.030000000000000000e+02 1.777777777777777715e+02 -8.000000000000000000e+00
2.030000000000000000e+02 1.833333333333333144e+02 -8.000000000000000000e+00
2.030000000000000000e+02 1.888888888888888857e+02 -8.000000000000000000e+00
2.030000000000000000e+02 1.944444444444444571e+02 -8.000000000000000000e+00
2.030000000000000000e+02 2.000000000000000000e+02 -8.000000000000000000e+00
2.148333333333333428e+02 1.500000000000000000e+02 -8.000000000000000000e+00
2.148333333333333428e+02 1.555555555555555429e+02 -8.000000000000000000e+00
2.148333333333333428e+02 1.611111111111111143e+02 -8.000000000000000000e+00
2.148333333333333428e+02 1.666666666666666572e+02 -8.000000000000000000e+00
2.148333333333333428e+02 1.722222222222222285e+02 -8.000000000000000000e+00
2.148333333333333428e+02 1.777777777777777715e+02 -8.000000000000000000e+00
2.148333333333333428e+02 1.833333333333333144e+02 -8.000000000000000000e+00
2.148333333333333428e+02 1.888888888888888857e+02 -8.000000000000000000e+00
2.148333333333333428e+02 1.944444444444444571e+02 -8.000000000000000000e+00
2.148333333333333428e+02 2.000000000000000000e+02 -8.000000000000000000e+00
2.266666666666666572e+02 1.500000000000000000e+02 -8.000000000000000000e+00
2.266666666666666572e+02 1.555555555555555429e+02 -8.000000000000000000e+00
2.266666666666666572e+02 1.611111111111111143e+02 -8.000000000000000000e+00
2.266666666666666572e+02 1.666666666666666572e+02 -8.000000000000000000e+00
2.266666666666666572e+02 1.722222222222222285e+02 -8.000000000000000000e+00
2.266666666666666572e+02 1.777777777777777715e+02 -8.000000000000000000e+00
2.266666666666666572e+02 1.833333333333333144e+02 -8.000000000000000000e+00
2.266666666666666572e+02 1.888888888888888857e+02 -8.000000000000000000e+00
2.266666666666666572e+02 1.944444444444444571e+02 -8.000000000000000000e+00
2.266666666666666572e+02 2.000000000000000000e+02 -8.000000000000000000e+00
2.385000000000000000e+02 1.500000000000000000e+02 -8.000000000000000000e+00
2.385000000000000000e+02 1.555555555555555429e+02 -8.000000000000000000e+00
2.385000000000000000e+02 1.611111111111111143e+02 -8.000000000000000000e+00
2.385000000000000000e+02 1.666666666666666572e+02 -8.000000000000000000e+00
2.385000000000000000e+02 1.722222222222222285e+02 -8.000000000000000000e+00
2.385000000000000000e+02 1.777777777777777715e+02 -8.000000000000000000e+00
2.385000000000000000e+02 1.833333333333333144e+02 -8.000000000000000000e+00
2.385000000000000000e+02 1.888888888888888857e+02 -8.000000000000000000e+00
2.385000000000000000e+02 1.944444444444444571e+02 -8.000000000000000000e+00
2.385000000000000000e+02 2.000000000000000000e+02 -8.000000000000000000e+00
2.030000000000000000e+02 1.500000000000000000e+02 -7.000000000000000000e+00
2.030000000000000000e+02 1.555555555555555429e+02 -7.000000000000000000e+00
2.030000000000000000e+02 1.611111111111111143e+02 -7.000000000000000000e+00
2.030000000000000000e+02 1.666666666666666572e+02 -7.000000000000000000e+00
2.030000000000000000e+02 1.722222222222222285e+02 -7.000000000000000000e+00
2.030000000000000000e+02 1.777777777777777715e+02 -7.000000000000000000e+00
2.030000000000000000e+02 1.833333333333333144e+02 -7.000000000000000000e+00
2.030000000000000000e+02 1.888888888888888857e+02 -7.000000000000000000e+00
2.030000000000000000e+02 1.944444444444444571e+02 -7.000000000000000000e+00
2.030000000000000000e+02 2.000000000000000000e+02 -7.000000000000000000e+00
2.148333333333333428e+02 1.500000000000000000e+02 -7.000000000000000000e+00
2.148333333333333428e+02 1.555555555555555429e+02 -7.000000000000000000e+00
2.148333333333333428e+02 1.611111111111111143e+02 -7.000000000000000000e+00
2.148333333333333428e+02 1.666666666666666572e+02 -7.000000000000000000e+00
2.148333333333333428e+02 1.722222222222222285e+02 -7.000000000000000000e+00
2.148333333333333428e+02 1.777777777777777715e+02 -7.000000000000000000e+00
2.148333333333333428e+02 1.833333333333333144e+02 -7.000000000000000000e+00
2.148333333333333428e+02 1.888888888888888857e+02 -7.000000000000000000e+00
2.148333333333333428e+02 1.944444444444444571e+02 -7.000000000000000000e+00
2.148333333333333428e+02 2.000000000000000000e+02 -7.000000000000000000e+00
2.266666666666666572e+02 1.500000000000000000e+02 -7.000000000000000000e+00
2.266666666666666572e+02 1.555555555555555429e+02 -7.000000000000000000e+00
2.266666666666666572e+02 1.611111111111111143e+02 -7.000000000000000000e+00
2.266666666666666572e+02 1.666666666666666572e+02 -7.000000000000000000e+00
2.266666666666666572e+02 1.722222222222222285e+02 -7.000000000000000000e+00
2.266666666666666572e+02 1.777777777777777715e+02 -7.000000000000000000e+00
2.266666666666666572e+02 1.833333333333333144e+02 -7.000000000000000000e+00
2.266666666666666572e+02 1.888888888888888857e+02 -7.000000000000000000e+00
2.266666666666666572e+02 1.944444444444444571e+02 -7.000000000000000000e+00
2.266666666666666572e+02 2.000000000000000000e+02 -7.000000000000000000e+00
2.385000000000000000e+02 1.500000000000000000e+02 -7.000000000000000000e+00
2.385000000000000000e+02 1.555555555555555429e+02 -7.000000000000000000e+00
2.385000000000000000e+02 1.611111111111111143e+02 -7.000000000000000000e+00
2.385000000000000000e+02 1.666666666666666572e+02 -7.000000000000000000e+00
2.385000000000000000e+02 1.722222222222222285e+02 -7.000000000000000000e+00
2.385000000000000000e+02 1.777777777777777715e+02 -7.000000000000000000e+00
2.385000000000000000e+02 1.833333333333333144e+02 -7.000000000000000000e+00
2.385000000000000000e+02 1.888888888888888857e+02 -7.000000000000000000e+00
2.385000000000000000e+02 1.944444444444444571e+02 -7.000000000000000000e+00
2.385000000000000000e+02 2.000000000000000000e+02 -7.000000000000000000e+00
2.030000000000000000e+02 1.500000000000000000e+02 -6.000000000000000000e+00
2.030000000000000000e+02 1.555555555555555429e+02 -6.000000000000000000e+00
2.030000000000000000e+02 1.611111111111111143e+02 -6.000000000000000000e+00
2.030000000000000000e+02 1.666666666666666572e+02 -6.000000000000000000e+00
2.030000000000000000e+02 1.722222222222222285e+02 -6.000000000000000000e+00
2.030000000000000000e+02 1.777777777777777715e+02 -6.000000000000000000e+00
2.030000000000000000e+02 1.833333333333333144e+02 -6.000000000000000000e+00
2.030000000000000000e+02 1.888888888888888857e+02 -6.000000000000000000e+00
2.030000000000000000e+02 1.944444444444444571e+02 -6.000000000000000000e+00
2.030000000000000000e+02 2.000000000000000000e+02 -6.000000000000000000e+00
2.148333333333333428e+02 1.500000000000000000e+02 -6.000000000000000000e+00
2.148333333333333428e+02 1.555555555555555429e+02 -6.000000000000000000e+00
2.148333333333333428e+02 1.611111111111111143e+02 -6.000000000000000000e+00
2.148333333333333428e+02 1.666666666666666572e+02 -6.000000000000000000e+00
2.148333333333333428e+02 1.722222222222222285e+02 -6.000000000000000000e+00
2.148333333333333428e+02 1.777777777777777715e+02 -6.000000000000000000e+00
2.148333333333333428e+02 1.833333333333333144e+02 -6.000000000000000000e+00
2.148333333333333428e+02 1.888888888888888857e+02 -6.000000000000000000e+00
2.148333333333333428e+02 1.944444444444444571e+02 -6.000000000000000000e+00
2.148333333333333428e+02 2.000000000000000000e+02 -6.000000000000000000e+00
2.266666666666666572e+02 1.500000000000000000e+02 -6.000000000000000000e+00
2.266666666666666572e+02 1.555555555555555429e+02 -6.000000000000000000e+00
2.266666666666666572e+02 1.611111111111111143e+02 -6.000000000000000000e+00
2.266666666666666572e+02 1.666666666666666572e+02 -6.000000000000000000e+00
2.266666666666666572e+02 1.722222222222222285e+02 -6.000000000000000000e+00
2.266666666666666572e+02 1.777777777777777715e+02 -6.000000000000000000e+00
2.266666666666666572e+02 1.833333333333333144e+02 -6.000000000000000000e+00
2.266666666666666572e+02 1.888888888888888857e+02 -6.000000000000000000e+00
2.266666666666666572e+02 1.944444444444444571e+02 -6.000000000000000000e+00
2.266666666666666572e+02 2.000000000000000000e+02 -6.000000000000000000e+00
2.385000000000000000e+02 1.500000000000000000e+02 -6.000000000000000000e+00
2.385000000000000000e+02 1.555555555555555429e+02 -6.000000000000000000e+00
2.385000000000000000e+02 1.611111111111111143e+02 -6.000000000000000000e+00
2.385000000000000000e+02 1.666666666666666572e+02 -6.000000000000000000e+00
2.385000000000000000e+02 1.722222222222222285e+02 -6.000000000000000000e+00
2.385000000000000000e+02 1.777777777777777715e+02 -6.000000000000000000e+00
2.385000000000000000e+02 1.833333333333333144e+02 -6.000000000000000000e+00
2.385000000000000000e+02 1.888888888888888857e+02 -6.000000000000000000e+00
2.385000000000000000e+02 1.944444444444444571e+02 -6.000000000000000000e+00
2.385000000000000000e+02 2.000000000000000000e+02 -6.000000000000000000e+00
2.030000000000000000e+02 1.500000000000000000e+02 -5.000000000000000000e+00
2.030000000000000000e+02 1.555555555555555429e+02 -5.000000000000000000e+00
2.030000000000000000e+02 1.611111111111111143e+02 -5.000000000000000000e+00
2.030000000000000000e+02 1.666666666666666572e+02 -5.000000000000000000e+00
2.030000000000000000e+02 1.722222222222222285e+02 -5.000000000000000000e+00
2.030000000000000000e+02 1.777777777777777715e+02 -5.000000000000000000e+00
2.030000000000000000e+02 1.833333333333333144e+02 -5.000000000000000000e+00
2.030000000000000000e+02 1.888888888888888857e+02 -5.000000000000000000e+00
2.030000000000000000e+02 1.944444444444444571e+02 -5.000000000000000000e+00
2.030000000000000000e+02 2.000000000000000000e+02 -5.000000000000000000e+00
2.148333333333333428e+02 1.500000000000000000e+02 -5.000000000000000000e+00
2.148333333333333428e+02 1.555555555555555429e+02 -5.000000000000000000e+00
2.148333333333333428e+02 1.611111111111111143e+02 -5.000000000000000000e+00
2.148333333333333428e+02 1.666666666666666572e+02 -5.000000000000000000e+00
2.148333333333333428e+02 1.722222222222222285e+02 -5.000000000000000000e+00
2.148333333333333428e+02 1.777777777777777715e+02 -5.000000000000000000e+00
2.148333333333333428e+02 1.833333333333333144e+02 -5.000000000000000000e+00
2.148333333333333428e+02 1.888888888888888857e+02 -5.000000000000000000e+00
2.148333333333333428e+02 1.944444444444444571e+02 -5.000000000000000000e+00
2.148333333333333428e+02 2.000000000000000000e+02 -5.000000000000000000e+00
2.266666666666666572e+02 1.500000000000000000e+02 -5.000000000000000000e+00
2.266666666666666572e+02 1.555555555555555429e+02 -5.000000000000000000e+00
2.266666666666666572e+02 1.611111111111111143e+02 -5.000000000000000000e+00
2.266666666666666572e+02 1.666666666666666572e+02 -5.000000000000000000e+00
2.266666666666666572e+02 1.722222222222222285e+02 -5.000000000000000000e+00
2.266666666666666572e+02 1.777777777777777715e+02 -5.000000000000000000e+00
2.266666666666666572e+02 1.833333333333333144e+02 -5.000000000000000000e+00
2.266666666666666572e+02 1.888888888888888857e+02 -5.000000000000000000e+00
2.266666666666666572e+02 1.944444444444444571e+02 -5.000000000000000000e+00
2.266666666666666572e+02 2.000000000000000000e+02 -5.000000000000000000e+00
2.385000000000000000e+02 1.500000000000000000e+02 -5.000000000000000000e+00
2.385000000000000000e+02 1.555555555555555429e+02 -5.000000000000000000e+00
2.385000000000000000e+02 1.611111111111111143e+02 -5.000000000000000000e+00
2.385000000000000000e+02 1.666666666666666572e+02 -5.000000000000000000e+00
2.385000000000000000e+02 1.722222222222222285e+02 -5.000000000000000000e+00
2.385000000000000000e+02 1.777777777777777715e+02 -5.000000000000000000e+00
2.385000000000000000e+02 1.833333333333333144e+02 -5.000000000000000000e+00
2.385000000000000000e+02 1.888888888888888857e+02 -5.000000000000000000e+00
2.385000000000000000e+02 1.944444444444444571e+02 -5.000000000000000000e+00
2.385000000000000000e+02 2.000000000000000000e+02 -5.000000000000000000e+00
2.030000000000000000e+02 1.500000000000000000e+02 -4.000000000000000000e+00
2.030000000000000000e+02 1.555555555555555429e+02 -4.000000000000000000e+00
2.030000000000000000e+02 1.611111111111111143e+02 -4.000000000000000000e+00
2.030000000000000000e+02 1.666666666666666572e+02 -4.000000000000000000e+00
2.030000000000000000e+02 1.722222222222222285e+02 -4.000000000000000000e+00
2.030000000000000000e+02 1.777777777777777715e+02 -4.000000000000000000e+00
2.030000000000000000e+02 1.833333333333333144e+02 -4.000000000000000000e+00
2.030000000000000000e+02 1.888888888888888857e+02 -4.000000000000000000e+00
2.030000000000000000e+02 1.944444444444444571e+02 -4.000000000000000000e+00
2.030000000000000000e+02 2.000000000000000000e+02 -4.000000000000000000e+00
2.148333333333333428e+02 1.500000000000000000e+02 -4.000000000000000000e+00
2.148333333333333428e+02 1.555555555555555429e+02 -4.000000000000000000e+00
2.148333333333333428e+02 1.611111111111111143e+02 -4.000000000000000000e+00
2.148333333333333428e+02 1.666666666666666572e+02 -4.000000000000000000e+00
2.148333333333333428e+02 1.722222222222222285e+02 -4.000000000000000000e+00
2.148333333333333428e+02 1.777777777777777715e+02 -4.000000000000000000e+00
2.148333333333333428e+02 1.833333333333333144e+02 -4.000000000000000000e+00
2.148333333333333428e+02 1.888888888888888857e+02 -4.000000000000000000e+00
2.148333333333333428e+02 1.944444444444444571e+02 -4.000000000000000000e+00
2.148333333333333428e+02 2.000000000000000000e+02 -4.000000000000000000e+00
2.266666666666666572e+02 1.500000000000000000e+02 -4.000000000000000000e+00
2.266666666666666572e+02 1.555555555555555429e+02 -4.000000000000000000e+00
2.266666666666666572e+02 1.611111111111111143e+02 -4.000000000000000000e+00
2.266666666666666572e+02 1.666666666666666572e+02 -4.000000000000000000e+00
2.266666666666666572e+02 1.722222222222222285e+02 -4.000000000000000000e+00
2.266666666666666572e+02 1.777777777777777715e+02 -4.000000000000000000e+00
2.266666666666666572e+02 1.833333333333333144e+02 -4.000000000000000000e+00
2.266666666666666572e+02 1.888888888888888857e+02 -4.000000000000000000e+00
2.266666666666666572e+02 1.944444444444444571e+02 -4.000000000000000000e+00
2.266666666666666572e+02 2.000000000000000000e+02 -4.000000000000000000e+00
2.385000000000000000e+02 1.500000000000000000e+02 -4.000000000000000000e+00
2.385000000000000000e+02 1.555555555555555429e+02 -4.000000000000000000e+00
2.385000000000000000e+02 1.611111111111111143e+02 -4.000000000000000000e+00
2.385000000000000000e+02 1.666666666666666572e+02 -4.000000000000000000e+00
2.385000000000000000e+02 1.722222222222222285e+02 -4.000000000000000000e+00
2.385000000000000000e+02 1.777777777777777715e+02 -4.000000000000000000e+00
2.385000000000000000e+02 1.833333333333333144e+02 -4.000000000000000000e+00
2.385000000000000000e+02 1.888888888888888857e+02 -4.000000000000000000e+00
2.385000000000000000e+02 1.944444444444444571e+02 -4.000000000000000000e+00
2.385000000000000000e+02 2.000000000000000000e+02 -4.000000000000000000e+00
2.030000000000000000e+02 1.500000000000000000e+02 -3.000000000000000000e+00
2.030000000000000000e+02 1.555555555555555429e+02 -3.000000000000000000e+00
2.030000000000000000e+02 1.611111111111111143e+02 -3.000000000000000000e+00
2.030000000000000000e+02 1.666666666666666572e+02 -3.000000000000000000e+00
2.030000000000000000e+02 1.722222222222222285e+02 -3.000000000000000000e+00
2.030000000000000000e+02 1.777777777777777715e+02 -3.000000000000000000e+00
2.030000000000000000e+02 1.833333333333333144e+02 -3.000000000000000000e+00
2.030000000000000000e+02 1.888888888888888857e+02 -3.000000000000000000e+00
2.030000000000000000e+02 1.944444444444444571e+02 -3.000000000000000000e+00
2.030000000000000000e+02 2.000000000000000000e+02 -3.000000000000000000e+00
2.148333333333333428e+02 1.500000000000000000e+02 -3.000000000000000000e+00
2.148333333333333428e+02 1.555555555555555429e+02 -3.000000000000000000e+00
2.148333333333333428e+02 1.611111111111111143e+02 -3.000000000000000000e+00
2.148333333333333428e+02 1.666666666666666572e+02 -3.000000000000000000e+00
2.148333333333333428e+02 1.722222222222222285e+02 -3.000000000000000000e+00
2.148333333333333428e+02 1.777777777777777715e+02 -3.000000000000000000e+00
2.148333333333333428e+02 1.833333333333333144e+02 -3.000000000000000000e+00
2.148333333333333428e+02 1.888888888888888857e+02 -3.000000000000000000e+00
2.148333333333333428e+02 1.944444444444444571e+02 -3.000000000000000000e+00
2.148333333333333428e+02 2.000000000000000000e+02 -3.000000000000000000e+00
2.266666666666666572e+02 1.500000000000000000e+02 -3.000000000000000000e+00
2.266666666666666572e+02 1.555555555555555429e+02 -3.000000000000000000e+00
2.266666666666666572e+02 1.611111111111111143e+02 -3.000000000000000000e+00
2.266666666666666572e+02 1.666666666666666572e+02 -3.000000000000000000e+00
2.266666666666666572e+02 1.722222222222222285e+02 -3.000000000000000000e+00
2.266666666666666572e+02 1.777777777777777715e+02 -3.000000000000000000e+00
2.266666666666666572e+02 1.833333333333333144e+02 -3.000000000000000000e+00
2.266666666666666572e+02 1.888888888888888857e+02 -3.000000000000000000e+00
2.266666666666666572e+02 1.944444444444444571e+02 -3.000000000000000000e+00
2.266666666666666572e+02 2.000000000000000000e+02 -3.000000000000000000e+00
2.385000000000000000e+02 1.500000000000000000e+02 -3.000000000000000000e+00
2.385000000000000000e+02 1.555555555555555429e+02 -3.000000000000000000e+00
2.385000000000000000e+02 1.611111111111111143e+02 -3.000000000000000000e+00
2.385000000000000000e+02 1.666666666666666572e+02 -3.000000000000000000e+00
2.385000000000000000e+02 1.722222222222222285e+02 -3.000000000000000000e+00
2.385000000000000000e+02 1.777777777777777715e+02 -3.000000000000000000e+00
2.385000000000000000e+02 1.833333333333333144e+02 -3.000000000000000000e+00
2.385000000000000000e+02 1.888888888888888857e+02 -3.000000000000000000e+00
2.385000000000000000e+02 1.944444444444444571e+02 -3.000000000000000000e+00
2.385000000000000000e+02 2.000000000000000000e+02 -3.000000000000000000e+00
2.030000000000000000e+02 1.500000000000000000e+02 -2.000000000000000000e+00
2.030000000000000000e+02 1.555555555555555429e+02 -2.000000000000000000e+00
2.030000000000000000e+02 1.611111111111111143e+02 -2.000000000000000000e+00
2.030000000000000000e+02 1.666666666666666572e+02 -2.000000000000000000e+00
2.030000000000000000e+02 1.722222222222222285e+02 -2.000000000000000000e+00
2.030000000000000000e+02 1.777777777777777715e+02 -2.000000000000000000e+00
2.030000000000000000e+02 1.833333333333333144e+02 -2.000000000000000000e+00
2.030000000000000000e+02 1.888888888888888857e+02 -2.000000000000000000e+00
2.030000000000000000e+02 1.944444444444444571e+02 -2.000000000000000000e+00
2.030000000000000000e+02 2.000000000000000000e+02 -2.000000000000000000e+00
2.148333333333333428e+02 1.500000000000000000e+02 -2.000000000000000000e+00
2.148333333333333428e+02 1.555555555555555429e+02 -2.000000000000000000e+00
2.148333333333333428e+02 1.611111111111111143e+02 -2.000000000000000000e+00
2.148333333333333428e+02 1.666666666666666572e+02 -2.000000000000000000e+00
2.148333333333333428e+02 1.722222222222222285e+02 -2.000000000000000000e+00
2.148333333333333428e+02 1.777777777777777715e+02 -2.000000000000000000e+00
2.148333333333333428e+02 1.833333333333333144e+02 -2.000000000000000000e+00
2.148333333333333428e+02 1.888888888888888857e+02 -2.000000000000000000e+00
2.148333333333333428e+02 1.944444444444444571e+02 -2.000000000000000000e+00
2.148333333333333428e+02 2.000000000000000000e+02 -2.000000000000000000e+00
2.266666666666666572e+02 1.500000000000000000e+02 -2.000000000000000000e+00
2.266666666666666572e+02 1.555555555555555429e+02 -2.000000000000000000e+00
2.266666666666666572e+02 1.611111111111111143e+02 -2.000000000000000000e+00
2.266666666666666572e+02 1.666666666666666572e+02 -2.000000000000000000e+00
2.266666666666666572e+02 1.722222222222222285e+02 -2.000000000000000000e+00
2.266666666666666572e+02 1.777777777777777715e+02 -2.000000000000000000e+00
2.266666666666666572e+02 1.833333333333333144e+02 -2.000000000000000000e+00
2.266666666666666572e+02 1.888888888888888857e+02 -2.000000000000000000e+00
2.266666666666666572e+02 1.944444444444444571e+02 -2.000000000000000000e+00
2.266666666666666572e+02 2.000000000000000000e+02 -2.000000000000000000e+00
2.385000000000000000e+02 1.500000000000000000e+02 -2.000000000000000000e+00
2.385000000000000000e+02 1.555555555555555429e+02 -2.000000000000000000e+00
2.385000000000000000e+02 1.611111111111111143e+02 -2.000000000000000000e+00
2.385000000000000000e+02 1.666666666666666572e+02 -2.000000000000000000e+00
2.385000000000000000e+02 1.722222222222222285e+02 -2.000000000000000000e+00
2.385000000000000000e+02 1.777777777777777715e+02 -2.000000000000000000e+00
2.385000000000000000e+02 1.833333333333333144e+02 -2.000000000000000000e+00
2.385000000000000000e+02 1.888888888888888857e+02 -2.000000000000000000e+00
2.385000000000000000e+02 1.944444444444444571e+02 -2.000000000000000000e+00
2.385000000000000000e+02 2.000000000000000000e+02 -2.000000000000000000e+00
2.030000000000000000e+02 1.500000000000000000e+02 -1.000000000000000000e+00
2.030000000000000000e+02 1.555555555555555429e+02 -1.000000000000000000e+00
2.030000000000000000e+02 1.611111111111111143e+02 -1.000000000000000000e+00
2.030000000000000000e+02 1.666666666666666572e+02 -1.000000000000000000e+00
2.030000000000000000e+02 1.722222222222222285e+02 -1.000000000000000000e+00
2.030000000000000000e+02 1.777777777777777715e+02 -1.000000000000000000e+00
2.030000000000000000e+02 1.833333333333333144e+02 -1.000000000000000000e+00
2.030000000000000000e+02 1.888888888888888857e+02 -1.000000000000000000e+00
2.030000000000000000e+02 1.944444444444444571e+02 -1.000000000000000000e+00
2.030000000000000000e+02 2.000000000000000000e+02 -1.000000000000000000e+00
2.148333333333333428e+02 1.500000000000000000e+02 -1.000000000000000000e+00
2.148333333333333428e+02 1.555555555555555429e+02 -1.000000000000000000e+00
2.148333333333333428e+02 1.611111111111111143e+02 -1.000000000000000000e+00
2.148333333333333428e+02 1.666666666666666572e+02 -1.000000000000000000e+00
2.148333333333333428e+02 1.722222222222222285e+02 -1.000000000000000000e+00
2.148333333333333428e+02 1.777777777777777715e+02 -1.000000000000000000e+00
2.148333333333333428e+02 1.833333333333333144e+02 -1.000000000000000000e+00
2.148333333333333428e+02 1.888888888888888857e+02 -1.000000000000000000e+00
2.148333333333333428e+02 1.944444444444444571e+02 -1.000000000000000000e+00
2.148333333333333428e+02 2.000000000000000000e+02 -1.000000000000000000e+00
2.266666666666666572e+02 1.500000000000000000e+02 -1.000000000000000000e+00
2.266666666666666572e+02 1.555555555555555429e+02 -1.000000000000000000e+00
2.266666666666666572e+02 1.611111111111111143e+02 -1.000000000000000000e+00
2.266666666666666572e+02 1.666666666666666572e+02 -1.000000000000000000e+00
2.266666666666666572e+02 1.722222222222222285e+02 -1.000000000000000000e+00
2.266666666666666572e+02 1.777777777777777715e+02 -1.000000000000000000e+00
2.266666666666666572e+02 1.833333333333333144e+02 -1.000000000000000000e+00
2.266666666666666572e+02 1.888888888888888857e+02 -1.000000000000000000e+00
2.266666666666666572e+02 1.944444444444444571e+02 -1.000000000000000000e+00
2.266666666666666572e+02 2.000000000000000000e+02 -1.000000000000000000e+00
2.385000000000000000e+02 1.500000000000000000e+02 -1.000000000000000000e+00
2.385000000000000000e+02 1.555555555555555429e+02 -1.000000000000000000e+00
2.385000000000000000e+02 1.611111111111111143e+02 -1.000000000000000000e+00
2.385000000000000000e+02 1.666666666666666572e+02 -1.000000000000000000e+00
2.385000000000000000e+02 1.722222222222222285e+02 -1.000000000000000000e+00
2.385000000000000000e+02 1.777777777777777715e+02 -1.000000000000000000e+00
2.385000000000000000e+02 1.833333333333333144e+02 -1.000000000000000000e+00
2.385000000000000000e+02 1.888888888888888857e+02 -1.000000000000000000e+00
2.385000000000000000e+02 1.944444444444444571e+02 -1.000000000000000000e+00
2.385000000000000000e+02 2.000000000000000000e+02 -1.000000000000000000e+00
