9.914229255285806630e+01
1.444890527232871591e+02
1.198769747957635872e+02
7.403942513737078457e+01
4.239481801675155026e+01
2.356146192511206650e+01
-6.629368206429438715e+01
4.897116273727537816e+01
9.631487281867941874e+01
8.777374706954140038e+01
7.427481863764002412e+01
4.194325653644879992e+01
2.521481511772812922e+01
1.709744668697012315e+01
4.318287237658437050e+01
6.891707236000061698e+01
7.007875693135147799e+01
5.885280341127639758e+01
3.531814512454680255e+01
2.289367667293479869e+01
3.163569397652619131e+01
3.644144672156998865e+01
4.906874841451424629e+01
5.066618946486536856e+01
4.379215863724801494e+01
3.039617459964846446e+01
1.708736190515437414e+01
2.824089347319151955e+01
2.251246628393214877e+01
3.360944066907542549e+01
4.052385104909981095e+01
3.297752748968864722e+01
2.422923351590893759e+01
4.975338263562044006e+00
1.956777393617035798e+01
2.733130811735245658e+01
2.606215672760773572e+01
3.021338932755651641e+01
2.745605167014521442e+01
1.934931954384594377e+01
-4.196798602272133749e+00
1.526629781020395527e+01
2.340155539903983595e+01
2.321794879105079445e+01
1.980140478845526886e+01
2.274286978688317262e+01
1.658546402108795803e+01
-6.972714641895962018e+00
1.789634140800806961e+01
1.688762028005706028e+01
1.947563087325229247e+01
1.841191281826176862e+01
2.145224174380221882e+01
1.343137363893347924e+01
7.474837027038557835e+01
7.840630805737961850e+01
6.723823656692975703e+01
3.940126162521561781e+01
2.714260452050893946e+01
1.198613563270274796e+01
1.614203343523979868e+02
1.015806525473218755e+02
8.278076698445988768e+01
6.533358125155673690e+01
3.347305429250033626e+01
2.361316586909521220e+01
1.489723431829147415e+01
1.277145264387054908e+02
9.779662585934238450e+01
7.879835204938103743e+01
5.765141146843006936e+01
3.701127385700918637e+01
1.888053474527924891e+01
5.469797114823478523e+00
7.431509356454857596e+01
6.998768642731943146e+01
6.176291479774726412e+01
4.483158663559598978e+01
3.012970170522664404e+01
1.496185057685667275e+01
-5.628257169991925934e-01
-9.925163847095966219e+00
4.764738566118048624e+01
3.912846451353300381e+01
3.362023892466905295e+01
1.551463552012160818e+01
-3.887155435959609662e+00
-3.644147912273144385e+00
-2.486735940124745525e+01
2.175626852566308500e+01
1.606756965116618474e+01
1.937303628179648740e+01
7.564795395214893858e+00
-1.578173597004500017e+01
-6.088763429918921943e+00
-1.050359354696642988e+01
1.355019157144120712e+01
5.517093138901117300e+00
1.179889608260014100e+01
1.411883849738970298e+00
-1.418005223458389885e+01
-7.491003672533118163e+00
-6.630710593629659755e+00
6.890014879368401068e+00
2.294870972235116824e+00
2.809987592914282573e-01
-6.448348999511985369e+00
-1.476201236119944227e+01
2.151766218779928863e+01
3.101356226129782101e+01
2.268706766810367981e+01
4.420681206324967860e+01
3.358383260618891342e+01
1.981408838367598690e+01
7.342157397303574839e+01
4.373964548968774579e+01
3.009063614821175747e+01
1.591970906421812515e+01
8.569896448807476474e+01
6.903357755539428808e+01
4.537596473760051907e+01
2.480493495841063378e+01
1.767816343039840632e+01
7.862019550608637530e+01
9.084111567242450747e+01
6.690361452707148260e+01
4.279813496669286366e+01
1.801963206717512378e+01
9.672646966486276199e+00
1.108938826339962986e+02
9.293084868309537683e+01
6.057195921148789353e+01
3.126653171320145574e+01
7.712380337085548376e+00
1.695590196151919145e+02
1.201055958715216576e+02
8.000340496724035688e+01
4.729302521161535111e+01
1.999795227441833134e+01
-1.412223835305891484e+01
1.605848125160646589e+02
9.916601175114024613e+01
5.904292614575052767e+01
3.104434243438558383e+01
-1.876031041833961410e+00
1.146282275741802295e+02
7.549246368881901503e+01
3.344347080229334779e+01
1.236924725781666012e+01
6.916653758946220876e+01
4.204940767110873168e+01
1.658461426127661298e+01
3.591156061214692841e+01
2.345659427614756964e+01
1.747664388419331161e+01
2.110239193836221716e+00
-3.095643354218397292e+01
-2.267286561167960812e+01
-5.493974214369057307e+00
-3.355644319190639635e+01
-2.823219737182326838e+01
-9.693283831761970504e+00
-3.053312774517052475e+01
-3.548750631565175695e+01
-2.470241785782640065e+01
-5.668650628545611880e+01
-2.692756629152379588e+01
-3.185647633278929192e+01
-2.793662092254207252e+01
-2.531184661974599948e+01
-2.628483397936496146e+01
-3.857096936939566945e+01
-3.005205019672573741e+01
-2.854896345661637724e+01
-1.910987215827571006e+01
-1.849147253125729762e+01
-3.240488933707123920e+01
-3.684296991160462653e+01
-4.461265272555016992e+01
-2.477680458364829263e+01
1.480635832370975535e+01
-1.537920044044978596e+01
-1.143566338345542022e+01
-4.719461662135189783e+01
-5.596947972675570782e+01
-3.435279635144186727e+01
2.946288391239406934e+01
2.519653242740027821e+01
1.863868233427972854e+01
-7.695354467070853843e+01
-5.154112836236009798e+01
3.658607837611259583e+01
5.421812166664707888e+01
2.712315795946841845e+01
-9.067366955696533637e+01
-3.049120361885928610e-01
7.002769352891181143e+01
5.891014965747274346e+01
-6.404939041119328635e+01
8.746149822601154256e+01
7.628379675581453512e+01
1.166308913520765742e+02
9.985866334969128388e+01
1.746663894384267905e+02
9.999543844870670000e+03
7.598541068446454819e-18
2.006312521342316640e-18
1.138137564431392645e-17
9.701155160912171827e-18
1.089128521815418893e-17
1.440822567360960447e-17
7.833308041683338290e-18
1.331276908058232661e-17
-1.140415632668989091e-18
3.987716459480148441e-18
-8.523469725159041147e-18
-2.025507846198092405e-18
-2.138220754988200342e-17
-1.301648874689268049e-17
-4.150538929637019053e-17
-3.192639731398656495e-17
-8.411710824410291190e-17
-8.766820936036439146e-17
1.742016943274763973e-17
-5.503377301871641517e-19
-6.253761231224288315e-16
-6.468946966508828305e-16
4.574058715108930897e-16
-2.608479456836661691e-16
-2.532194861239034386e-15
-3.451687906013789080e-15
-1.118824084278626499e-15
-5.330294324915927241e-15
-8.993867927497478332e-15
-1.372566619985175680e-14
-5.829028988625765020e-15
-1.174659967103544193e-14
1.873814979455151387e-14
1.872822830701641577e-14
1.529338370801631001e-17
-6.800782809886936834e-18
1.608844615701135909e-17
2.254862411134128049e-17
9.795828625126911071e-18
1.632556616222682008e-17
-1.491744579418839882e-18
9.036940031508883114e-18
-7.153639938347229937e-18
3.238966909196644975e-18
-1.951445062585362924e-17
-2.350762870443943147e-18
-4.029211611697588788e-17
-1.986616846682039693e-17
-9.724720134274801703e-17
-8.035162515780089299e-17
3.000763386074315405e-18
-1.323078226102314509e-16
-6.289241894879480266e-16
-6.869397963150651618e-16
-2.393293721552121702e-16
-3.279606726812180990e-16
-2.733434088819229821e-15
-3.452205085708084940e-15
-4.410801280141172547e-15
-1.448665532361560774e-14
-9.514195959214456058e-15
-2.584235358097792492e-14
-7.014801398681163465e-15
-2.052716073136233154e-14
2.464579898942609268e-14
2.461528958800371900e-14
3.418539186562755421e-19
-1.631275013984685591e-17
4.464279062924452733e-17
4.577788444156232075e-17
9.865388207896898683e-18
2.284216377421881600e-17
2.507202494408974109e-18
1.294416440139499883e-17
-7.289717701731078021e-18
8.280473293896127636e-18
-1.274336971798781806e-17
8.944989663631280073e-18
-3.702985622223008302e-17
-1.366348336397394627e-17
-1.007775728079563839e-16
-4.618268522551462792e-17
-1.492033987951785749e-16
-1.101941757498087006e-16
-5.516312103187593955e-16
-7.179569625702390802e-16
-2.699450658541009638e-16
-8.197534253646140083e-16
-3.363573785182079011e-15
-2.319796447751418447e-14
-1.376788432672675262e-14
4.453034040932601386e-15
-1.576649953750348972e-14
-6.015655947026546939e-14
-4.199003109598862678e-15
-2.406931911729073745e-14
3.812764892068488707e-14
3.808835182935863104e-14
1.419665128252604209e-17
-6.431639780044367669e-18
1.070397522413276824e-17
3.404030195231320228e-17
2.170706996190102258e-17
2.254335052851802744e-17
-3.261116492691848475e-20
6.843760838219579244e-18
-2.156488613089897086e-18
7.357628592811889830e-18
-6.625201331995925585e-18
7.624016601065467294e-18
-3.535184274559304440e-17
-4.689927369353290791e-18
-6.954905808377076467e-17
-1.385920035058313624e-17
-1.647890633322504566e-16
2.471018493827116816e-17
-7.569661856156089545e-16
-3.904276546235949638e-16
-6.534276731131343236e-16
1.047424044508376786e-15
-2.264815611800367143e-14
-4.858411850013397704e+00
2.428742473326470842e-14
-1.202120864828397018e+01
-7.837747783792481867e-14
-1.653052074692769849e-13
2.032074081547124222e-14
2.507335645577221583e-14
5.795866783705050582e-14
5.787333151739801187e-14
3.286545154621008160e-17
-3.495682258898613333e-17
5.466859301488361204e-17
2.563345859278944142e-17
3.748060946490959176e-17
3.780078328785767139e-17
6.007480271602574379e-18
1.010326566583002069e-17
4.812565896653921014e-19
4.144873886636935220e-18
-1.890100604836319622e-18
4.935001009297189362e-19
-1.893914530241468367e-17
-1.169574329777567455e-17
-4.452111572682288984e-17
-2.797413938144941430e-17
-3.097967279491646028e-17
-1.562568600644669677e-17
-5.799269028941165886e-16
6.427783864699579471e-17
6.808855135163627949e-16
4.430915303337713761e-16
-4.858411850013399480e+00
-1.575023355394774077e-10
-7.162796798270595566e+00
4.651842240252689997e+00
1.202120864828382985e+01
1.202120864828387070e+01
1.120010860871243694e-13
1.652830491151093248e-13
5.312071587709703826e-14
5.293817995294038189e-14
5.037949706350623550e-17
-1.150095212588953500e-16
9.345573272798565634e-17
-1.093360328141652776e-16
6.683591770995184202e-17
5.303494286510878213e-17
2.638800871760767956e-17
3.159861978851429244e-17
4.908849240948891024e-20
2.180550022853909329e-18
-3.170117196041824182e-18
-3.237929659737083114e-18
-1.407934400354171311e-17
-1.466863947239212461e-17
-3.521754138608842342e-17
-1.576483075683630971e-17
-3.217266235182017231e-17
5.359490096518852894e-17
4.892385185852603120e-17
4.009268937991444133e-17
-2.011132112073410072e-16
-4.163667056668750174e-14
-1.575020977454942146e-10
-6.964548418534209602e-13
-2.065696096032073603e-01
1.561917967592809575e-10
2.065696097605855541e-01
2.065696097607059578e-01
1.240503528131618588e-13
1.239641895517552985e-13
-3.437830750445655881e-16
-6.820947228161892004e-16
6.752640289776101513e-17
-2.144534735478020616e-16
5.605298550823630791e-17
-1.084243210557028744e-16
2.558267084072597161e-16
2.411690865749664172e-16
4.539959463335735232e-17
4.251998150579855369e-17
6.255401071922309316e-18
2.377605981284283232e-18
-5.369391190181503533e-18
-8.633769143130918753e-18
-1.460082700869686567e-17
-1.483332705382715367e-17
-1.517553528798589822e-17
-2.354237706398706187e-17
3.414219033593641523e-17
-4.527990893640431637e-17
-4.567487393709425993e-17
-3.016473277111208411e-16
-4.162783940420888779e-14
-5.707428930420365763e-15
-6.550192844979407896e-13
3.912423443424323658e-14
-6.138461443598403707e-13
6.964614273473556714e-13
1.306791784115769198e-12
1.310545674013827268e-12
3.577091362740018882e-15
3.744999049710870731e-15
-5.959314614096273210e-16
-2.135826151156431966e-15
1.238581742238215507e-16
-2.603232596866412387e-15
1.735555553898602024e-16
-2.145690708516440014e-15
4.056463931389055994e-16
3.323481199950904354e-16
5.717760333809185261e-17
5.079881449238158919e-17
5.257219108843081863e-18
4.271046256461734542e-18
-1.055618337965881023e-18
4.910995750170466041e-19
-1.156894910087773845e-17
-4.744699007985418210e-19
-2.330987701885677388e-17
-1.093280825090313665e-17
-3.691306716040315271e-17
5.573412634465666935e-18
-2.222252284387801095e-16
4.486893038370319935e-17
-5.451456476646338787e-15
5.741330693559928526e-17
3.203823960454712975e-15
5.751335509198974180e-15
2.317908415171605764e-15
2.536954169342363320e-15
2.381023066312963056e-16
2.308406507795834585e-16
-8.890848347230020542e-18
-5.588508468543173436e-18
-2.303733838127284210e-15
-9.226711105999024689e-15
-1.063337907119607742e-15
-7.485252845195391556e-15
5.814000625737939237e-16
-2.341189229124296382e-14
2.651594383901390652e-15
2.477792240219659076e-15
1.240970876361967532e-16
8.867730940564279364e-17
1.064983510217199795e-17
1.099368003203399974e-17
1.477272427398393925e-18
4.558674476767579097e-18
-5.396087346940289946e-18
3.433438174163597178e-18
-2.202728745098233328e-17
9.848112159311087973e-18
-6.803656133487970291e-18
3.181984689061571886e-17
2.382450588834379701e-18
3.362356166160197427e-17
-2.096808518868840236e-16
2.306413750577630437e-17
2.424657256170364038e-16
2.482262176035994590e-16
-1.055737940189798405e-17
8.415166155444831202e-18
1.179489660882570505e-17
1.890865243515965594e-17
1.673147383169661320e-18
7.291817591197851826e-18
-9.230013445877712325e-15
-1.904642848860730238e-15
-5.622755773236506822e-16
-1.285195543913662479e-14
-1.698997735316718001e-14
-3.065873740935836319e-14
2.647108459403641682e-14
2.536370945512624360e-14
2.624794530873743692e-16
2.656594205455795228e-16
4.641345826258795933e-17
4.690522451865840333e-17
4.214829546905577314e-18
5.660576285082613705e-18
3.520361247944120059e-19
2.160717761634804518e-18
-1.429911535836621421e-18
1.879613023906563977e-18
-5.555271967770238584e-20
4.299241535443936446e-18
-4.999941362501714885e-18
4.023978562311366422e-18
-8.176973566991290200e-18
9.204612452547627228e-18
1.548122821093913106e-17
1.858851117699442728e-17
2.654674168881776002e-18
3.189183902535063094e-18
-6.389312218315931138e-20
5.138245598607860701e-19
1.780617648639009400e-19
5.815085973871032348e-19
-1.910261519068758502e-15
-4.747462888118862868e-14
-2.017732603615360649e-14
-1.038165085376958133e-13
-1.836905754754538908e-14
-1.032205340764739354e+00
3.903246951131742678e-14
3.295322398754034070e-14
1.373034559455752748e-15
1.224693474309355387e-15
4.372525706045324970e-17
4.687875214825013924e-17
5.168810029012169702e-18
6.057132708709637125e-18
7.149710234577681273e-19
1.767596646795159122e-18
7.093138706617146474e-20
7.550634564340179338e-19
3.001549879315218497e-19
1.249604530721320513e-18
-3.308156928102724106e-19
9.177545504297434587e-19
1.806925277345459210e-19
1.072987840207755790e-18
1.206925157455510623e-18
1.310096230452912086e-18
8.190093647976610284e-20
1.141144556103293269e-19
-2.068517379250102143e-20
2.588364376629873580e-20
3.790915343157853348e-21
4.162056496801375141e-20
-4.747503232802115172e-14
-8.464554525671096268e-14
-5.825214117557594236e-14
-3.060192474883819014e-13
-1.032205340764655643e+00
1.053700413398220760e-13
1.032205340764753787e+00
1.032205340764601909e+00
7.303938998086441464e-15
7.342627534543151332e-15
1.952198372946475006e-16
1.942264039312641228e-16
2.903637620912747585e-18
3.135652162307967676e-18
8.792739670976916993e-19
1.010020124333771929e-18
-2.975621669033730606e-19
-4.456533764065560409e-19
5.654724613534740437e-19
6.312789522067758814e-19
4.042842839888292063e-19
5.527301327780101000e-19
-1.755824030322600788e-19
2.347952371722811115e-19
4.178009179797022164e-19
4.279999320539222165e-19
1.094338261292786365e-20
1.306166487876091709e-20
-6.329875364264488240e-21
2.013042314237393965e-22
-4.948252590786005826e-21
4.316141309251459285e-21
-8.464558308636058330e-14
-6.876819648762532174e-14
-2.688487345596920904e-13
-2.035940693168324516e-13
3.531371476526280476e-13
-5.676344508208543971e+00
-1.589773282188851688e-13
-1.206400430628864262e+00
1.591732633551433789e-13
1.402427890564334306e-13
1.555378674745542546e-16
1.491843922380740091e-16
4.129085525691345397e-18
4.866720799822871617e-18
7.780055829385518387e-19
1.211257895461451255e-18
-5.763995336426362709e-19
-3.577385195343681862e-19
7.793701617099588617e-19
9.036878757478551617e-19
4.869236419247082624e-19
5.820082444172197041e-19
7.138426572629367226e-20
1.110371865107174107e-19
1.762229184938102617e-20
2.153237047791646957e-20
2.862650804540916959e-21
4.627949407892096834e-21
-1.916978034409314042e-21
2.874764319148688901e-22
-2.215038286436768351e-21
1.649306134083817153e-21
-6.876820575201922798e-14
-1.187416397469892071e-15
-2.194714559155677132e-13
3.551552031695540873e-14
-5.676344508208608808e+00
1.774900972302244336e-13
4.469944077580032982e+00
5.676344508207913364e+00
1.206400430628845610e+00
1.206400430628856491e+00
1.907965869094803325e-14
1.908844665360846849e-14
1.122019603630311716e-17
1.159296415371390972e-17
4.736226213299250342e-19
6.968449613511500929e-19
-7.909908320572676026e-19
2.912485921009203219e-19
6.850268616395870770e-19
1.150256737572541142e-18
4.576905303793234041e-19
4.784289159371674156e-19
1.595258401820596894e-20
2.044058443595619638e-20
1.622810990373573869e-22
4.054166813054385088e-21
7.178707793566534314e-22
1.201548717404861263e-21
-1.477822171436310985e-21
-3.009112978609888110e-22
-5.551483322403657788e-22
7.011231946887164949e-22
-1.187420261814312662e-15
-7.265189191800598855e-15
-3.206526903759392599e-14
-8.162266598623572441e-15
-7.749687900229868837e-14
2.916771605625388386e-14
-8.732830210668484981e-13
1.088516513768680840e-13
9.757326930283776740e-13
9.839260211997403709e-13
8.296620709171578684e-15
8.297800852592749041e-15
2.805001493279606261e-18
2.870987705352596474e-18
3.240768439403575315e-19
3.614479028242394217e-19
6.802625207969526324e-20
1.157802852109727168e-19
6.801731341435321716e-20
7.681118076400737031e-20
1.319904000421332083e-20
1.258760281033156449e-20
-2.978011218877850767e-22
-1.790356561114047795e-22
-4.338336046958423543e-22
9.307995347099206037e-25
3.600010533306812117e-22
4.546539595277895802e-22
-7.845892359091966424e-22
-4.054772187115533140e-22
-4.757876788866056787e-22
3.618703426419801098e-23
-7.265190448072126446e-15
-2.773876175812759368e-15
-2.084497668637285656e-15
6.437182947012406722e-15
5.264713617283530306e-15
8.723868450564971708e-15
2.187056318315511739e-15
3.855622102140671629e-15
1.791348756023869310e-15
1.866584795752288106e-15
1.044726812299215277e-16
1.036631867248477078e-16
1.690844284182583954e-18
1.467018990704440519e-18
2.954616907512492085e-19
2.828036923859465456e-19
7.840922632709082664e-20
8.572407391813698123e-20
2.905714763272991674e-20
2.725550643765392586e-20
3.793735460677411342e-21
2.380505117792003581e-21
4.324015377703515562e-22
-2.463489949630776198e-22
-1.178346662416703766e-22
-3.984347202350807122e-22
1.988955529723730528e-23
-1.539465585600797571e-22
9.286229590034395112e-23
-1.651324505253027856e-22
-3.429249829334453174e-22
-1.685819469841043740e-22
-2.773876687787472576e-15
-1.098212124660878916e-15
1.945868674753039644e-15
1.187985744490214200e-15
2.021878349152793297e-16
7.026607905906463092e-16
3.964672688592302268e-16
5.158936391605525241e-16
1.980190119271282161e-16
2.134749621797185180e-16
2.842714699642891188e-17
2.864838503115764114e-17
2.276513495778260390e-18
2.396592118251154954e-18
5.066289858640899805e-19
5.177012436292253057e-19
9.838207228343964412e-20
9.420464024151558934e-20
1.994065884660777127e-20
1.797545931844354261e-20
4.182146312867994460e-21
2.861022943713081877e-21
1.166881347922330140e-21
6.623636097306995773e-22
2.803158124983484638e-22
1.289567789062250207e-22
1.266534954333305785e-22
1.204975911430600949e-23
8.703663332014276827e-24
-7.510731509611868821e-23
-1.491685608081969631e-22
-1.478645465864859176e-22
-1.098212299003914931e-15
-4.876788186363792634e-16
1.460543720853471754e-15
1.542068348518554453e-17
9.404859187839622067e-17
1.319243477856733926e-17
2.175354083522425700e-18
3.976226211563307416e-19
8.313238247638026420e-20
2.215289136036759739e-20
4.826222471877310540e-21
1.983486978885612161e-21
6.334745170978555838e-22
1.634087927064294526e-22
3.949642122290588084e-23
-6.405356815835295256e-23
-1.000089524749299203e-22
