-2.71746754069948e+000	
-4.32308118599970e+000	
9.51225015835024e-001	
6.13880393859633e+000	
4.29307666294882e+000	
2.78687187598124e+000	
-1.46622333425684e+000	
-2.81446802687277e+000	
-6.52071625597870e+000	
1.12782586950518e+000	
8.68853354695317e+000	
4.69178267138334e+000	
2.89079220834445e+000	
-8.74540901729251e-001	
-1.38679533647185e+000	
-1.38495876999900e+000	
1.41253415204766e+000	
4.08838621867131e+000	
3.73391535575939e+000	
2.65321798039913e+000	
-1.49153371981968e-001	
-4.17178275170400e-002	
5.41276910057449e-001	
1.81385144417468e+000	
2.94101797775514e+000	
3.07705221381296e+000	
2.44141742549123e+000	
4.61914218444688e-001	
8.60006335767565e-001	
1.50944762495456e+000	
2.35778828413873e+000	
3.05415943711842e+000	
3.17689923014251e+000	
2.56499671319807e+000	
9.22755410338573e-001	
1.48949807433832e+000	
2.21164475545368e+000	
3.04011253040246e+000	
3.79239210114298e+000	
4.08269085047276e+000	
3.23837497343190e+000	
1.25676427941994e+000	
1.95009104736565e+000	
2.78406126700576e+000	
3.77142859419088e+000	
4.92191614435401e+000	
6.16721764789727e+000	
5.48188398897983e+000	
1.47999547566688e+000	
2.26607740832051e+000	
3.20184469073287e+000	
4.34496822895859e+000	
5.85240041326900e+000	
8.53151885166442e+000	
2.22781658180724e+000	
2.64509005362788e+000	
2.70608401586826e+000	
2.47848533164304e+000	
2.04559437570533e+000	
1.46869351104268e+000	
1.65206766669300e+000	
2.81949901433483e+000	
3.37047758337517e+000	
3.31715160629492e+000	
2.93932652353693e+000	
2.37960324478669e+000	
1.69192470728962e+000	
1.55506718051970e+000	
4.24717170473575e+000	
4.71555509232997e+000	
4.21887576957953e+000	
3.56881826210769e+000	
2.84019621781402e+000	
2.00791106824448e+000	
-6.42567889459295e-001	
9.38292919071545e+000	
6.64179077238642e+000	
5.18704648447664e+000	
4.27101539260680e+000	
3.41261272936609e+000	
2.42569449197159e+000	
-4.65967035789136e-001	
9.66763747325793e+000	
7.04310806451345e+000	
5.73098332444068e+000	
4.95333963887054e+000	
4.14392879315451e+000	
2.99923412673930e+000	
2.08376257256770e+000	
5.06749014497607e+000	
5.89573982359728e+000	
5.84412478380396e+000	
5.69157230289511e+000	
5.27345283636554e+000	
3.92971839565429e+000	
2.48246858100222e+000	
4.10962282935212e+000	
5.23887668165085e+000	
5.94397180013351e+000	
6.59736392322536e+000	
7.35797963379005e+000	
6.29401959942144e+000	
2.58638891336543e+000	
3.87204860140680e+000	
5.02707612674295e+000	
6.06755108784034e+000	
7.27074218345919e+000	
9.60148864933798e+000	
2.94868898670955e+000	
3.30235865512526e+000	
3.95800211561013e+000	
3.40124074198162e+000	
4.32969429215234e+000	
5.20975575897735e+000	
3.16799823431295e+000	
4.42882459787525e+000	
5.62425748481977e+000	
6.77066272093019e+000	
2.49593668164591e+000	
4.17715794206249e+000	
5.78046301756137e+000	
7.18404132355697e+000	
8.85163454000830e+000	
1.35327568007799e+000	
3.32875975585813e+000	
5.72832339453409e+000	
7.31112792300927e+000	
9.06584493750853e+000	
1.24612372473187e+001	
1.43270367786298e+000	
5.25683200238742e+000	
7.54483476861537e+000	
8.74573174001352e+000	
1.14406704842628e+001	
-1.16240036017977e+000	
2.86221293473675e+000	
8.45564221656110e+000	
8.78514276155910e+000	
9.77426315336787e+000	
1.28398636227699e+001	
-4.96564907545900e+000	
1.07954633427631e+001	
9.98412604226859e+000	
9.02102401394647e+000	
9.83573889665726e+000	
4.85257980045888e-001	
1.37560236919292e+001	
8.97279203741024e+000	
8.50896851333157e+000	
8.22256651116403e+000	
8.80140550073547e+000	
7.68029410714208e+000	
6.77554524395105e+000	
6.76284080975125e+000	
5.37326078934667e+000	
8.12135610441604e-001	
4.11960466035815e+000	
-2.23749925224298e+000	
4.03236721002729e+000	
1.19076198589278e+000	
-1.92268201761471e+000	
3.50255437464228e+000	
2.51467307275260e+000	
3.51536692011527e-001	
-1.34573410221929e+000	
2.58565870125172e+000	
2.76707256999100e+000	
1.89918020175212e+000	
3.72500198963630e-001	
-7.76150198761282e-001	
1.21883062100767e+000	
2.16182446783789e+000	
2.78996534668554e+000	
1.91322710846808e+000	
6.28551462360333e-001	
-2.58166340076031e-001	
-3.04403294979016e-001	
3.75707473592731e-001	
2.95472184584214e+000	
3.37319504030196e+000	
2.05937063715312e+000	
8.90105170448368e-001	
2.11929231622740e-001	
-2.20931409038112e+000	
9.79103926304761e-001	
5.22925662033877e+000	
3.67759885952208e+000	
2.07932018776936e+000	
1.12283896536675e+000	
-6.60477097438546e+000	
8.25510332121027e+000	
6.10051386232897e+000	
3.35886943381196e+000	
2.01657111319835e+000	
-1.59379290529432e+000	
1.07678879607145e+001	
4.75727291984701e+000	
2.85523738785023e+000	
5.87814836651941e+000	
5.63396704120760e+000	
3.51963095535713e+000	
4.36953520739248e+000	
3.69403991606408e+000	
3.11829100094984e+000	
