0.13 0.17
0.16 0.17
0.19 0.17
0.22 0.17
0.25 0.17
0.28 0.17
0.31 0.17
0.34 0.17
0.37 0.17
0.40 0.17
0.13 0.20
0.16 0.20
0.19 0.20
0.22 0.20
0.25 0.20
0.28 0.20
0.31 0.20
0.34 0.20
0.37 0.20
0.40 0.20
0.13 0.23
0.16 0.23
0.19 0.23
0.22 0.23
0.25 0.23
0.28 0.23
0.31 0.23
0.34 0.23
0.37 0.23
0.40 0.23
0.13 0.26
0.16 0.26
0.19 0.26
0.22 0.26
0.25 0.26
0.28 0.26
0.31 0.26
0.34 0.26
0.37 0.26
0.40 0.26
0.13 0.29
0.16 0.29
0.19 0.29
0.22 0.29
0.25 0.29
0.28 0.29
0.31 0.29
0.34 0.29
0.37 0.29
0.40 0.29
0.13 0.32
0.16 0.32
0.19 0.32
0.22 0.32
0.25 0.32
0.28 0.32
0.31 0.32
0.34 0.32
0.37 0.32
0.40 0.32
0.13 0.35
0.16 0.35
0.19 0.35
0.22 0.35
0.25 0.35
0.28 0.35
0.31 0.35
0.34 0.35
0.37 0.35
0.40 0.35
0.13 0.38
0.16 0.38
0.19 0.38
0.22 0.38
0.25 0.38
0.28 0.38
0.31 0.38
0.34 0.38
0.37 0.38
0.40 0.38
0.13 0.41
0.16 0.41
0.19 0.41
0.22 0.41
0.25 0.41
0.28 0.41
0.31 0.41
0.34 0.41
0.37 0.41
0.40 0.41
0.13 0.44
0.16 0.44
0.19 0.44
0.22 0.44
0.25 0.44
0.28 0.44
0.31 0.44
0.34 0.44
0.37 0.44
0.40 0.44
0.13 0.47
0.16 0.47
0.19 0.47
0.22 0.47
0.25 0.47
0.28 0.47
0.31 0.47
0.34 0.47
0.37 0.47
0.40 0.47
0.13 0.50
0.16 0.50
0.19 0.50
0.22 0.50
0.25 0.50
0.28 0.50
0.31 0.50
0.34 0.50
0.37 0.50
0.40 0.50
