8.634896864473146083e-01
7.105592774129977363e-01
4.718760879617489579e-01
2.238660707346511458e-01
5.659388721027225344e-02
-4.278691877497281526e-02
-9.573155470006217138e-02
-1.176228326075955816e-01
-1.135933667728078467e-01
-9.604148620619838705e-02
-8.841455329152270171e-02
-9.024225667320905087e-02
-8.767967915361500608e-02
-8.341673880374732286e-02
-8.900428785039044000e-02
-9.456794227205372882e-02
-9.136320001788260370e-02
-8.972827739039729300e-02
-9.399118135114996331e-02
-1.001632885344426876e-01
-9.717889413900428208e-02
-9.513659168626763252e-02
-9.653385052178425907e-02
-9.877451202655830598e-02
-9.314539292306395213e-02
-8.774565632669828474e-02
-9.381180975295388969e-02
-1.077348511282351096e-01
-1.168713867804045820e-01
-1.187290667776416120e-01
-1.145574910787661715e-01
-1.084674414577671969e-01
-1.009334849957299607e-01
-9.894846286023961657e-02
-1.025178071752003012e-01
-1.082886386913985421e-01
-9.973530694800109009e-02
1.837103288999018258e-01
1.000038575240592218e+04
-2.494968953857295446e+00
-2.501570600238029574e+00
-2.503301804953845355e+00
-2.502084472904546164e+00
-2.499079941736780164e+00
-2.498096714083317238e+00
-2.498443163720879046e+00
-2.499452003345296269e+00
-2.500049505511475978e+00
-2.500160169169645563e+00
-2.499929599059628416e+00
-2.499697012332004586e+00
-2.499639038105962108e+00
-2.499702671049411240e+00
-2.499792534470017369e+00
-2.499870154945630141e+00
-2.499926234957527083e+00
-2.499944004605610282e+00
-2.499939165533244356e+00
-2.499934599398642376e+00
-2.499940872682504533e+00
-2.499948204988880818e+00
-2.499958966035643826e+00
-2.499952230917050766e+00
-2.499944147896734137e+00
-2.499948732458491030e+00
-2.499954399939195326e+00
-2.499957356310674506e+00
-2.499953236165407766e+00
-2.499958411791664670e+00
-2.499958200565643995e+00
-2.499955676844903607e+00
-2.499947334609982974e+00
-2.499946566354943389e+00
-2.499960675817380018e+00
-2.499987444751053722e+00
-2.500010659128681922e+00
-2.500029080104193557e+00
-2.500021766411399060e+00
-2.499985117075785190e+00
-2.499960024249910706e+00
-2.499940612254277106e+00
-2.499977891028607679e+00
-2.500075275641502337e+00
-2.500154106375231944e+00
-2.500089581855842624e+00
-2.499736953072853929e+00
-2.499043496353197114e+00
-2.497873650509191634e+00
-2.502134619288319151e+00
-2.502567022125401941e+00
-2.501348122659321049e+00
-2.498494228866281475e+00
-2.498027430006066751e+00
-2.498694698732921271e+00
-2.499704195632208581e+00
-2.500307671807114218e+00
-2.500350212343750655e+00
-2.500120259668091371e+00
-2.499909571108637429e+00
-2.499868095011491320e+00
-2.499907193286092344e+00
-2.499921457761852484e+00
-2.499937348170579998e+00
-2.499921830397443756e+00
-2.499903552149895347e+00
-2.499879132524408298e+00
-2.499863882111860391e+00
-2.499871015743432068e+00
-2.499878892740846403e+00
-2.499873995028813134e+00
-2.499879583234622782e+00
-2.499880966126151627e+00
-2.499876561581637624e+00
-2.499880629161072232e+00
-2.499878378061564987e+00
-2.499875231883631699e+00
-2.499878812549955143e+00
-2.499882423519746322e+00
-2.499881204890126440e+00
-2.499880320384728183e+00
-2.499872418149752473e+00
-2.499870721222185121e+00
-2.499874811034622724e+00
-2.499877833143950845e+00
-2.499876308027407568e+00
-2.499870656303385008e+00
-2.499846676600522066e+00
-2.499835685470821467e+00
-2.499848907240176388e+00
-2.499909465582375478e+00
-2.500009895277077288e+00
-2.500066177833381698e+00
-2.499930238709903385e+00
-2.499560594109361489e+00
-2.499165536886600147e+00
-2.499104006208420881e+00
-2.502087221309563958e+00
-2.502013035847189037e+00
-2.500399341623839256e+00
-2.498305846726662782e+00
-2.498303982501866471e+00
-2.499195320457268998e+00
-2.500185283727841323e+00
-2.500606176914932366e+00
-2.500523512761579692e+00
-2.500206215903403084e+00
-2.499982065062563485e+00
-2.499869839332452326e+00
-2.499896894055456009e+00
-2.499924390439163258e+00
-2.499941817330470162e+00
-2.499920074639819134e+00
-2.499893193795470037e+00
-2.499873544394495717e+00
-2.499860461229606035e+00
-2.499857563341363331e+00
-2.499863097278546498e+00
-2.499862989944468872e+00
-2.499861443690109652e+00
-2.499860871387211692e+00
-2.499863321651266901e+00
-2.499859817413302210e+00
-2.499863739205699265e+00
-2.499862383848602487e+00
-2.499863318639337528e+00
-2.499871015308569699e+00
-2.499872265772751234e+00
-2.499864049822322798e+00
-2.499858014444273913e+00
-2.499835953401687405e+00
-2.499814509209128843e+00
-2.499802107585057165e+00
-2.499788782292023726e+00
-2.499778875699718128e+00
-2.499781225351300762e+00
-2.499782878512772477e+00
-2.499822274865757255e+00
-2.499900431366316678e+00
-2.500005081453025468e+00
-2.500046885887456050e+00
-2.499880237795215621e+00
-2.499505686454373432e+00
-2.499195526391724709e+00
-2.499187508079188547e+00
-2.501703798582929572e+00
-2.501595511843875297e+00
-2.499803053023817334e+00
-2.498717399556654950e+00
-2.499009796880844014e+00
-2.499921515646882586e+00
-2.500589386438913042e+00
-2.500657609279357096e+00
-2.500375986013998908e+00
-2.500062689190760690e+00
-2.499885893371274648e+00
-2.499815630847834758e+00
-2.499833214539302517e+00
-2.499886056842782533e+00
-2.499898367258682086e+00
-2.499904046720103246e+00
-2.499892845459540158e+00
-2.499884040592133871e+00
-2.499879609321051799e+00
-2.499878346922881356e+00
-2.499874817041114916e+00
-2.499871898479656185e+00
-2.499874963355040780e+00
-2.499874403748774121e+00
-2.499872300158783034e+00
-2.499874934130504656e+00
-2.499872516190049243e+00
-2.499876920594140017e+00
-2.499877119647383239e+00
-2.499877321769484961e+00
-2.499881848779713422e+00
-2.499872851426419018e+00
-2.499853709122394463e+00
-2.499830137487203174e+00
-2.499795128291295576e+00
-2.499764511417957635e+00
-2.499753824126838886e+00
-2.499747329513977601e+00
-2.499757423920747179e+00
-2.499769206800733556e+00
-2.499810494333639888e+00
-2.499906045999594095e+00
-2.500012412449453159e+00
-2.500042459537106243e+00
-2.499888777153463693e+00
-2.499535104905628469e+00
-2.499226770127688013e+00
-2.499148716832980455e+00
-2.501410002453786419e+00
-2.501347113146464629e+00
-2.499894780683210360e+00
-2.499498159365942218e+00
-2.499829164470692255e+00
-2.500263869122193672e+00
-2.500532390792173487e+00
-2.500404431630709468e+00
-2.500170810301429292e+00
-2.500024229572154866e+00
-2.499917306148262686e+00
-2.499880628065481503e+00
-2.499882260754593855e+00
-2.499899095199294319e+00
-2.499909536841609992e+00
-2.499896323349245275e+00
-2.499892918574096790e+00
-2.499906813293174324e+00
-2.499909651710955139e+00
-2.499907966871867337e+00
-2.499903981816982146e+00
-2.499897564551679885e+00
-2.499894433852107412e+00
-2.499898366953415163e+00
-2.499897256635602805e+00
-2.499900268146419968e+00
-2.499898288063461926e+00
-2.499896756278295662e+00
-2.499902721077547074e+00
-2.499900970658032406e+00
-2.499895973373375213e+00
-2.499891678684811325e+00
-2.499875192065103668e+00
-2.499864094443723150e+00
-2.499849330198054886e+00
-2.499840769004439522e+00
-2.499841793848984750e+00
-2.499829345192727370e+00
-2.499810735293527042e+00
-2.499808412381460343e+00
-2.499836236395627243e+00
-2.499929023720771415e+00
-2.500036054527605245e+00
-2.500067251776436184e+00
-2.499916098216480531e+00
-2.499568018238103484e+00
-2.499251270327659036e+00
-2.499197342373623343e+00
-2.501341535787002801e+00
-2.501244235539971772e+00
-2.500368981622449027e+00
-2.499959948809443944e+00
-2.499967424353306100e+00
-2.500105012748986333e+00
-2.500132473017610657e+00
-2.500024581122945122e+00
-2.499920434023035654e+00
-2.500002414576069754e+00
-2.500065345381503157e+00
-2.500104400394524085e+00
-2.500129675117930272e+00
-2.500056902905405831e+00
-2.499957695518532308e+00
-2.499929153312048236e+00
-2.499910124302894054e+00
-2.499914330275871066e+00
-2.499934462818455660e+00
-2.499938733169373872e+00
-2.499934815024121626e+00
-2.499928909502350471e+00
-2.499922827491101618e+00
-2.499925531075157803e+00
-2.499924713331031167e+00
-2.499923354422004529e+00
-2.499927836004372850e+00
-2.499926960771300166e+00
-2.499925394792855915e+00
-2.499927134057846168e+00
-2.499919590762617272e+00
-2.499919904658590930e+00
-2.499922191219575041e+00
-2.499945264800147893e+00
-2.500000875095825581e+00
-2.500059838665091849e+00
-2.500089944390672336e+00
-2.500066787247548827e+00
-2.499986804314758615e+00
-2.499920064336609293e+00
-2.499909530821114778e+00
-2.499981100259813793e+00
-2.500096343341511762e+00
-2.500123773935961413e+00
-2.499945002165990804e+00
-2.499556766613185488e+00
-2.499183692145911184e+00
-2.499114843401955888e+00
-2.500944342927261754e+00
-2.500803627870102019e+00
-2.499999051247572712e+00
-2.499516043904466578e+00
-2.499599318380856694e+00
-2.499693863962271667e+00
-2.499692302010776856e+00
-2.499632720166507838e+00
-2.499736326016837484e+00
-2.499881960784324342e+00
-2.500128780631987624e+00
-2.500362177735316216e+00
-2.500318327694774467e+00
-2.500171788576129206e+00
-2.500054350843745610e+00
-2.499947569907234879e+00
-2.499925050628999834e+00
-2.499916590299757324e+00
-2.499930924785247033e+00
-2.499956814760161627e+00
-2.499961932632064343e+00
-2.499957091772492035e+00
-2.499950024906796742e+00
-2.499944670180732409e+00
-2.499948455257265501e+00
-2.499949845383946823e+00
-2.499951227411647547e+00
-2.499956766420492027e+00
-2.499951934290680633e+00
-2.499948222775392193e+00
-2.499940355539326031e+00
-2.499947718147672138e+00
-2.499989425718174729e+00
-2.500063966135742444e+00
-2.500187398679870387e+00
-2.500319922695823482e+00
-2.500394283587184852e+00
-2.500349772928283976e+00
-2.500200586599396146e+00
-2.500063993428292441e+00
-2.500031786830488212e+00
-2.500089311154007898e+00
-2.500184519716271758e+00
-2.500179731053477461e+00
-2.499966394185687335e+00
-2.499530222158987680e+00
-2.499039042127344068e+00
-2.498642106736537194e+00
-2.501622630562572613e+00
-2.499341855851764382e+00
-2.498773990772038545e+00
-2.498746970518322730e+00
-2.499186533319965875e+00
-2.499435562436516101e+00
-2.499490429670680136e+00
-2.499527899160974620e+00
-2.499510494658591764e+00
-2.499580464968022220e+00
-2.499924739823708997e+00
-2.500079895840371158e+00
-2.500189223626466450e+00
-2.500163820593503061e+00
-2.500055594192017949e+00
-2.499985556687306598e+00
-2.499896794512192599e+00
-2.499896889627058805e+00
-2.499918293559300064e+00
-2.499949137820305367e+00
-2.499977238527777867e+00
-2.499973755195459724e+00
-2.499964814330920326e+00
-2.499956410629969650e+00
-2.499957174850937491e+00
-2.499967497360474411e+00
-2.499972097482157984e+00
-2.499978190322408089e+00
-2.499966301398354851e+00
-2.499946809546477411e+00
-2.499943104804785321e+00
-2.499968791295339443e+00
-2.500043987850487426e+00
-2.500138810674269241e+00
-2.500231092323422999e+00
-2.500316454281786172e+00
-2.500355338514202774e+00
-2.500320287753176274e+00
-2.500220077855037193e+00
-2.500149262010049611e+00
-2.500154509188292629e+00
-2.500205407362688703e+00
-2.500231628392630689e+00
-2.500127447632033206e+00
-2.499851868952378542e+00
-2.499531188205272869e+00
-2.499229160948000850e+00
-2.499185935025654448e+00
-2.499992732628106396e+00
-2.496996405667934127e+00
-2.497239237228367603e+00
-2.498110164350611839e+00
-2.498932765048828664e+00
-2.499234214459676195e+00
-2.499405176330120160e+00
-2.499361902155543547e+00
-2.499396784443296049e+00
-2.499256188353275121e+00
-2.498937414610057584e+00
-2.498930723153151678e+00
-2.499362612930582817e+00
-2.499887825790231055e+00
-2.499990775686929734e+00
-2.499918950755199099e+00
-2.499796846816024321e+00
-2.499763210446094508e+00
-2.499816217637525817e+00
-2.499863804586703875e+00
-2.499893585494522341e+00
-2.499887301746249069e+00
-2.499875698715742445e+00
-2.499870712950087004e+00
-2.499859142650767474e+00
-2.499874751889456626e+00
-2.499883054206429644e+00
-2.499879386525770464e+00
-2.499871500406668723e+00
-2.499839270118335843e+00
-2.499822109004342874e+00
-2.499851100895732259e+00
-2.499936945189907611e+00
-2.500010328113615010e+00
-2.499913160934933209e+00
-2.499620093243857255e+00
-2.499361192918372332e+00
-2.499413084635211391e+00
-2.499736551517111494e+00
-2.499976473015092626e+00
-2.500086288074489627e+00
-2.500129248287588091e+00
-2.500095709973110036e+00
-2.499829847038751218e+00
-2.499380319383949445e+00
-2.499268364097396500e+00
-2.500420551825789595e+00
-2.503329624360650207e+00
-2.498574507984276938e+00
-2.496978098071727104e+00
-2.499883664231198566e+00
-2.499954037706222820e+00
-2.500129567953985887e+00
-2.500426253060578752e+00
-2.499410940895951949e+00
-2.499375423149765574e+00
-2.500005666289225381e+00
-2.499633221049616161e+00
-2.496722671512285885e+00
-2.496152564163472753e+00
-2.497619860170676276e+00
-2.498757867488515139e+00
-2.499034558781323412e+00
-2.498827544137119272e+00
-2.498792366584216662e+00
-2.498787987785630271e+00
-2.498795208838422433e+00
-2.498841000649491662e+00
-2.498855068983797167e+00
-2.498840476234875485e+00
-2.498839522695362803e+00
-2.498837008078362842e+00
-2.498760136729672787e+00
-2.498786036480091788e+00
-2.498798503477855704e+00
-2.498768851473361696e+00
-2.498825582675558543e+00
-2.498801976441977768e+00
-2.498777015159868498e+00
-2.498826209053153669e+00
-2.498916846271285408e+00
-2.498943972134426872e+00
-2.498543292669813010e+00
-2.497615568316503332e+00
-2.496763042856969594e+00
-2.497002003588971952e+00
-2.498052190082175272e+00
-2.498757822699934295e+00
-2.498940443817328827e+00
-2.498938545814154644e+00
-2.498957574065105547e+00
-2.498692282058611713e+00
-2.497962415614935150e+00
-2.498168311062918701e+00
-2.500740620743889586e+00
-2.500391782730455148e+00
-2.497674277223468131e+00
-2.500266802960398493e+00
-2.507074033370507049e+00
-2.503786401324347821e+00
-2.502976277095724900e+00
-2.503064135945212154e+00
-2.502791910424940980e+00
-2.502540204428681747e+00
-2.503597751070711475e+00
-2.505198486283660042e+00
-2.500815314145659940e+00
-2.500118800466476277e+00
-2.501845717080821707e+00
-2.501814747610815459e+00
-2.501525573444063788e+00
-2.501537055603667348e+00
-2.501277201041745002e+00
-2.501194609803484958e+00
-2.501444887618474056e+00
-2.501328729818435015e+00
-2.501354903989919443e+00
-2.501528060633228634e+00
-2.501482694220997782e+00
-2.501344175591529329e+00
-2.501590295871346292e+00
-2.501542686926957693e+00
-2.501615316713404535e+00
-2.501757384517110161e+00
-2.501372960105167742e+00
-2.501223111044160952e+00
-2.501216355704756644e+00
-2.501035374119402022e+00
-2.501027843673305995e+00
-2.501184621046848022e+00
-2.501767145864222996e+00
-2.501246555226945834e+00
-2.500403327124593122e+00
-2.500421832866347671e+00
-2.501954674297121262e+00
-2.501601976432744845e+00
-2.501310998291890186e+00
-2.501430952399268826e+00
-2.501646067834525589e+00
-2.501474070806140482e+00
-2.500632416588426388e+00
-2.501358312808650730e+00
-2.496865115125541656e+00
-2.526257143742054900e+00
-2.493057017638176553e+00
-2.498925404424449326e+00
-2.500110924189499428e+00
-2.497949298243096194e+00
-2.498065929261413132e+00
-2.497984505206997774e+00
-2.497744596728995958e+00
-2.497719318489433071e+00
-2.497543937867612307e+00
-2.498507050251132622e+00
-2.500920967452485044e+00
-2.502448008172696525e+00
-2.501983057984034531e+00
-2.501205845948930140e+00
-2.500393480153243697e+00
-2.499463945958008360e+00
-2.499966307351260575e+00
-2.500274908734863466e+00
-2.499557929005139734e+00
-2.500109335840762448e+00
-2.500047104653038144e+00
-2.499547192997849887e+00
-2.499614868572569648e+00
-2.500302398927741088e+00
-2.499314493757410105e+00
-2.499858033268328228e+00
-2.499765086785659562e+00
-2.499061753629598481e+00
-2.500187223898800326e+00
-2.500187766297250924e+00
-2.499914033638538591e+00
-2.500263219927919778e+00
-2.500239415371747320e+00
-2.500581731401849694e+00
-2.500890458465513611e+00
-2.501506306751897668e+00
-2.501924547326534576e+00
-2.501432682852358980e+00
-2.501309439091209619e+00
-2.500238275190211468e+00
-2.500198937637367003e+00
-2.499583898004061666e+00
-2.500028389984337629e+00
-2.500982025819013632e+00
-2.501584691100831925e+00
-2.498922510728696533e+00
-2.498678582590635244e+00
-2.473624196506750916e+00
-2.508644149587851313e+00
-2.496697132713669554e+00
-2.498918497152502916e+00
-2.499834834764944169e+00
-2.499661215690917260e+00
-2.500134696281198554e+00
-2.500260965585411554e+00
-2.500290936628395855e+00
-2.500168200725375822e+00
-2.499609649823093527e+00
-2.498725826176680265e+00
-2.498323842136238149e+00
-2.498588111940126311e+00
-2.498857672925431483e+00
-2.499035779405908819e+00
-2.499429848527635389e+00
-2.499581059328688237e+00
-2.499519995946574369e+00
-2.499436954791975030e+00
-2.499191417998689602e+00
-2.499422899586680735e+00
-2.499654138914567891e+00
-2.499631855177206319e+00
-2.499422310489972432e+00
-2.499318392872377892e+00
-2.499505352641534728e+00
-2.499673899064585925e+00
-2.499722353086149873e+00
-2.499430279862367321e+00
-2.499126081860534754e+00
-2.499360923787552924e+00
-2.499467860680681941e+00
-2.499436895897400035e+00
-2.499191725779422946e+00
-2.498837943519087279e+00
-2.498744533123026468e+00
-2.498689433186281672e+00
-2.498796719274831268e+00
-2.498940107237658470e+00
-2.499091581530099582e+00
-2.499418467218260886e+00
-2.499650513880862235e+00
-2.499487704557749268e+00
-2.499220935355037643e+00
-2.497733794372033689e+00
-2.498379398379820593e+00
-2.505089616276278797e+00
