9.992319389557891007e-01
7.557930951528848418e-01
4.816626797955503303e-01
2.319553632472669547e-01
6.783058405074349206e-02
-2.677197810879558548e-02
-7.692644859942998625e-02
-9.677695652874232501e-02
-8.734204258924196940e-02
-6.371717419431777163e-02
-5.175482991107321906e-02
-5.391740503926900629e-02
-4.974082969978343982e-02
-4.478077646842487658e-02
-5.289927498909141601e-02
-6.001561080021766692e-02
-5.589526461017729764e-02
-5.662417528856411586e-02
-6.885654051699674483e-02
-8.898611931476363424e-02
-9.795398430749982510e-02
-1.088050845487568696e-01
-1.257028569368872917e-01
-1.356757742429565428e-01
-1.340815591697440690e-01
-1.352232807296713801e-01
-1.534056378050102365e-01
-1.928516670983897174e-01
-2.543933559157386393e-01
-3.528202935446751454e-01
-4.810724049147698245e-01
-6.090371300798714804e-01
-7.131529978759147959e-01
-7.896769678307284934e-01
-8.384946196520293160e-01
-8.501986953299378591e-01
-8.082191133195444355e-01
2.128418031535163901e-01
1.000123202069017862e+04
-4.453472949275914416e+00
-4.451923605097290348e+00
-4.452158576289643399e+00
-4.452326723454019586e+00
-4.451542184298970639e+00
-4.451598370662057214e+00
-4.451543872613647146e+00
-4.451638175884626847e+00
-4.451731513022793685e+00
-4.451725363191448182e+00
-4.451687485359015817e+00
-4.451632832289105224e+00
-4.451622907766503268e+00
-4.451631331838735051e+00
-4.451644589299767141e+00
-4.451654812849413112e+00
-4.451659900064178998e+00
-4.451674603205539427e+00
-4.451671791319237848e+00
-4.451669668307879135e+00
-4.451666798445903517e+00
-4.451667018100200934e+00
-4.451675843430795254e+00
-4.451678741364814229e+00
-4.451674810230070278e+00
-4.451674647896844306e+00
-4.451668685716800411e+00
-4.451668302746861983e+00
-4.451690841858773062e+00
-4.451691204830249049e+00
-4.451679288406456436e+00
-4.451657195838572001e+00
-4.451621163706189321e+00
-4.451605264144366636e+00
-4.451665100506267514e+00
-4.451772019849185469e+00
-4.451870069460339252e+00
-4.451860604966112689e+00
-4.451674515954649358e+00
-4.451472702038512530e+00
-4.451546089408020102e+00
-4.451955857371512337e+00
-4.452164770703908481e+00
-4.451464153230158871e+00
-4.448681935263387288e+00
-4.448002950446989345e+00
-4.458490869838664494e+00
-4.437317835731831472e+00
-4.448077025485646097e+00
-4.455019474532535995e+00
-4.450648718383780178e+00
-4.452356254056738294e+00
-4.451384323647490149e+00
-4.451426910839943574e+00
-4.451471451930288481e+00
-4.451640410065270004e+00
-4.451752186938271905e+00
-4.451771053928867516e+00
-4.451743506957384966e+00
-4.451709603087401490e+00
-4.451711578626866839e+00
-4.451711831609524772e+00
-4.451716836713704772e+00
-4.451697022251991598e+00
-4.451683098793688842e+00
-4.451676881079176695e+00
-4.451676147607821044e+00
-4.451672207306380358e+00
-4.451671865626222413e+00
-4.451673348416775866e+00
-4.451673318116704081e+00
-4.451672013216568580e+00
-4.451676642457570665e+00
-4.451669041642816183e+00
-4.451674951406230818e+00
-4.451671606917775748e+00
-4.451679753291118757e+00
-4.451693458863126729e+00
-4.451703538495904056e+00
-4.451680830852659199e+00
-4.451629627705262493e+00
-4.451556404828627578e+00
-4.451528564872563543e+00
-4.451579857485282510e+00
-4.451692778371518777e+00
-4.451786942397982116e+00
-4.451706174482707112e+00
-4.451306926367077921e+00
-4.450962780330407043e+00
-4.451416276388314941e+00
-4.452694869089750540e+00
-4.451165178693469393e+00
-4.452046067030746457e+00
-4.453560728302019101e+00
-4.447855471036458397e+00
-4.477717721847157328e+00
-4.446574431677875694e+00
-4.455028706702020891e+00
-4.450565790486192164e+00
-4.451844265035378889e+00
-4.451200400483056541e+00
-4.451218377613686883e+00
-4.451395959133831681e+00
-4.451669038147299418e+00
-4.451813939046058266e+00
-4.451819545977414805e+00
-4.451757723209727402e+00
-4.451716337963450343e+00
-4.451681378403550049e+00
-4.451686074609565225e+00
-4.451672971225029585e+00
-4.451673043861887891e+00
-4.451677993895478913e+00
-4.451675649648749733e+00
-4.451669073197223270e+00
-4.451677437747757260e+00
-4.451673124894819367e+00
-4.451675042529796400e+00
-4.451674616037159637e+00
-4.451680235231625815e+00
-4.451675372211550297e+00
-4.451691994220999149e+00
-4.451700497582252503e+00
-4.451696679916958388e+00
-4.451735433632213912e+00
-4.451745895613656856e+00
-4.451752918199138875e+00
-4.451735143627239211e+00
-4.451688853662269629e+00
-4.451595513428411088e+00
-4.451548523828905424e+00
-4.451562146871215653e+00
-4.451883420956658455e+00
-4.452147327953309031e+00
-4.451928569178143391e+00
-4.451258103104359876e+00
-4.450601800956416554e+00
-4.450791875535985653e+00
-4.451648301029655919e+00
-4.452281080502574540e+00
-4.454382938047462659e+00
-4.453324981685828909e+00
-4.450073884731454932e+00
-4.441992110748476108e+00
-4.448643016325712018e+00
-4.455505918167474100e+00
-4.450215416556178027e+00
-4.451112678870530637e+00
-4.450963821522094577e+00
-4.450992203611236597e+00
-4.451379435056770362e+00
-4.451647432139380633e+00
-4.451677581056521227e+00
-4.451637753265705655e+00
-4.451590157240264745e+00
-4.451595513695587591e+00
-4.451614534837320392e+00
-4.451637956977479327e+00
-4.451657487750314779e+00
-4.451663388199929017e+00
-4.451671635853787556e+00
-4.451671737300605614e+00
-4.451666944616698096e+00
-4.451663861470848360e+00
-4.451664661860486483e+00
-4.451663058097034664e+00
-4.451660363179245294e+00
-4.451660371665028038e+00
-4.451653534455104477e+00
-4.451635670914432019e+00
-4.451617113870051767e+00
-4.451595045962639219e+00
-4.451576954154607080e+00
-4.451580635996315038e+00
-4.451591628433148706e+00
-4.451581298330183678e+00
-4.451540831204365389e+00
-4.451443108711911734e+00
-4.451492215658666041e+00
-4.451676700448539137e+00
-4.452138126130748219e+00
-4.452478061936675502e+00
-4.452373563194777617e+00
-4.451275881920530253e+00
-4.450677194815463977e+00
-4.451711543687681960e+00
-4.452285367570240737e+00
-4.453221195490902673e+00
-4.450872053885338353e+00
-4.450283885268868644e+00
-4.451313047256675759e+00
-4.452872665173125633e+00
-4.449299685771037183e+00
-4.456127503308184856e+00
-4.449803773358751435e+00
-4.450839673031665278e+00
-4.450940494883404597e+00
-4.451083439709314860e+00
-4.451264278399989394e+00
-4.451499649449305096e+00
-4.451539404868462668e+00
-4.451520066386709829e+00
-4.451513867949932646e+00
-4.451517335489415750e+00
-4.451558968239378800e+00
-4.451602283718156805e+00
-4.451637016193037866e+00
-4.451671722946435317e+00
-4.451676740272739963e+00
-4.451678802682555336e+00
-4.451677085011102264e+00
-4.451671862941802615e+00
-4.451670769784123571e+00
-4.451672986552228650e+00
-4.451671194321724201e+00
-4.451664841642241299e+00
-4.451650629616397126e+00
-4.451619794911093386e+00
-4.451583313696239941e+00
-4.451541070906218422e+00
-4.451510825783284275e+00
-4.451499207945327719e+00
-4.451488616895563410e+00
-4.451456489831040031e+00
-4.451389652286807497e+00
-4.451322213208332990e+00
-4.451382607171419536e+00
-4.451684763211100737e+00
-4.452182324927873580e+00
-4.452470811990584032e+00
-4.451852013231896166e+00
-4.450814806314463468e+00
-4.450807942674998685e+00
-4.452795344849301173e+00
-4.453320887825045205e+00
-4.450917253319425448e+00
-4.450697352014634234e+00
-4.451398978489818248e+00
-4.451782802104917280e+00
-4.451979153169240533e+00
-4.448671444215278825e+00
-4.457036434638709466e+00
-4.450060909718332347e+00
-4.451653661116099059e+00
-4.451615455402105681e+00
-4.451485693630429452e+00
-4.451579514157920414e+00
-4.451652632944112398e+00
-4.451637447202453579e+00
-4.451559405089675181e+00
-4.451583072666930541e+00
-4.451578517216283615e+00
-4.451595234572222282e+00
-4.451662654650135664e+00
-4.451687163863446983e+00
-4.451691785905284249e+00
-4.451709910555472938e+00
-4.451703257916149070e+00
-4.451695255490097480e+00
-4.451693692752215270e+00
-4.451691882652657029e+00
-4.451694308873471506e+00
-4.451697593675333131e+00
-4.451689007357302330e+00
-4.451673563738135719e+00
-4.451642934802364948e+00
-4.451613539885231674e+00
-4.451596591569856542e+00
-4.451584239960860501e+00
-4.451576383827651640e+00
-4.451564278498283400e+00
-4.451519331377208566e+00
-4.451484765044082081e+00
-4.451510863162560838e+00
-4.451678790304250732e+00
-4.452073025198327372e+00
-4.452450172037379694e+00
-4.452323122324347793e+00
-4.451398238199187674e+00
-4.450363472841106116e+00
-4.451407033370902155e+00
-4.453158620499807263e+00
-4.451339487792861149e+00
-4.451001526329264379e+00
-4.451697444125575664e+00
-4.451755751620932955e+00
-4.451696755857668109e+00
-4.451576557646117038e+00
-4.448362995777592310e+00
-4.458236547111218862e+00
-4.450870289456774209e+00
-4.452961113542128757e+00
-4.452784644074070819e+00
-4.452565770746004681e+00
-4.452387888588043907e+00
-4.452196640561236762e+00
-4.452016135584861090e+00
-4.452011051580610612e+00
-4.451917534882195326e+00
-4.451838063796062173e+00
-4.451849403011466144e+00
-4.451775652926878379e+00
-4.451732698686833523e+00
-4.451739586858977304e+00
-4.451714809039752474e+00
-4.451720568061906746e+00
-4.451709674438083297e+00
-4.451704796055905966e+00
-4.451712276395141110e+00
-4.451715004474785076e+00
-4.451715819347396241e+00
-4.451716918464977191e+00
-4.451716473301205568e+00
-4.451747399310528763e+00
-4.451796506381578311e+00
-4.451868760570137695e+00
-4.451951369601415465e+00
-4.452007160868268976e+00
-4.451994035948211526e+00
-4.452012799588699998e+00
-4.452000989706066392e+00
-4.452099012971212133e+00
-4.452473497037262362e+00
-4.452619861464134132e+00
-4.452482581884966706e+00
-4.451749144973844885e+00
-4.450900293548447628e+00
-4.451210208062138740e+00
-4.452516277917139220e+00
-4.452322770273761776e+00
-4.450976455369282547e+00
-4.451618297713615391e+00
-4.451733547250879219e+00
-4.451665437582919438e+00
-4.451682205551695581e+00
-4.451632484972893877e+00
-4.447899448002807787e+00
-4.461021915962329665e+00
-4.450815143978154254e+00
-4.453778492532719291e+00
-4.453556274156651007e+00
-4.453396649471663693e+00
-4.453104325810279818e+00
-4.452693327773839194e+00
-4.452539685817574977e+00
-4.452341545850539539e+00
-4.452227095224969844e+00
-4.452237234351440698e+00
-4.452032065156588558e+00
-4.451912385584387621e+00
-4.451742921328180280e+00
-4.451667224562055658e+00
-4.451676445410509331e+00
-4.451651372602760226e+00
-4.451658170458921759e+00
-4.451665025501849726e+00
-4.451672425967397650e+00
-4.451677880437546087e+00
-4.451677505229072906e+00
-4.451691420397809296e+00
-4.451745319583977789e+00
-4.451836045022112387e+00
-4.451972842026238553e+00
-4.452123141373009574e+00
-4.452279230216023009e+00
-4.452343505664992485e+00
-4.452328234992922518e+00
-4.452253026086056664e+00
-4.452189037232906266e+00
-4.452288602428299491e+00
-4.452441639654346694e+00
-4.452045310921183940e+00
-4.450997482330301125e+00
-4.449586193540199019e+00
-4.450101212778234228e+00
-4.452597886711117781e+00
-4.452684481121243820e+00
-4.450781649963356124e+00
-4.451503056081978826e+00
-4.451713881794130856e+00
-4.451669952407526054e+00
-4.451684435672319751e+00
-4.451738919491263324e+00
-4.451504920070664895e+00
-4.448417716057820215e+00
-4.459831946353110865e+00
-4.447877190567389505e+00
-4.451310874201716672e+00
-4.451928374364565677e+00
-4.452605121875265581e+00
-4.452515587241733463e+00
-4.452337751998889814e+00
-4.451968718245977286e+00
-4.451706403563132852e+00
-4.451800881161564583e+00
-4.451813413662246255e+00
-4.451898563110173512e+00
-4.451743022332460775e+00
-4.451677818741643478e+00
-4.451599647460370512e+00
-4.451619433392049352e+00
-4.451588702696017030e+00
-4.451580252486694533e+00
-4.451616582992114601e+00
-4.451629058182944298e+00
-4.451615136934805150e+00
-4.451590701416439089e+00
-4.451598294966771618e+00
-4.451671071933287926e+00
-4.451780485948363619e+00
-4.451838637341515081e+00
-4.451863336546113104e+00
-4.451834511445682985e+00
-4.451854405922678559e+00
-4.451869741906285149e+00
-4.451858361453055579e+00
-4.451861869344300615e+00
-4.451922238884415961e+00
-4.451790996364163533e+00
-4.451209346068945472e+00
-4.449785749490633435e+00
-4.448475367192608942e+00
-4.450013970565624533e+00
-4.453555736833826550e+00
-4.450106391575725517e+00
-4.451047418211248718e+00
-4.451614802239751256e+00
-4.451623183608329981e+00
-4.451677400655339234e+00
-4.451780002687884874e+00
-4.451649947365309501e+00
-4.452220548214999241e+00
-4.461047890277255235e+00
-4.464022888893358854e+00
-4.448801427314462487e+00
-4.448985935978485351e+00
-4.447599699048879529e+00
-4.448960774136089924e+00
-4.451248433404940918e+00
-4.451351343931406745e+00
-4.450972705746442770e+00
-4.450664570154730271e+00
-4.450599085254843601e+00
-4.450972158289832947e+00
-4.451445345687241151e+00
-4.451975673065458494e+00
-4.452252105051689668e+00
-4.452308821942228434e+00
-4.452184414749543961e+00
-4.452262092405913307e+00
-4.452309631433222670e+00
-4.452244212996073536e+00
-4.452242562985230911e+00
-4.452196824698907207e+00
-4.452139470278305922e+00
-4.452111040681538512e+00
-4.451987150212852740e+00
-4.451688161810903210e+00
-4.451526112762179466e+00
-4.451133731522270764e+00
-4.450972559865960854e+00
-4.450969905522363490e+00
-4.450700264778044257e+00
-4.451014650363717351e+00
-4.451039243117556943e+00
-4.450776057485254178e+00
-4.450430567943884697e+00
-4.450757695224897503e+00
-4.452254153293738526e+00
-4.455229586344660930e+00
-4.456454579717232356e+00
-4.455670476112349121e+00
-4.452746625858919671e+00
-4.452795428463534932e+00
-4.452379227265533146e+00
-4.452123667015948527e+00
-4.451877792383655219e+00
-4.451569124531211230e+00
-4.451764952821095633e+00
-4.450501060319352220e+00
-4.415723655787531676e+00
-4.450024545067786441e+00
-4.438608331605601975e+00
-4.440661895834762340e+00
-4.442262681941953062e+00
-4.446009739334092714e+00
-4.449381677376610611e+00
-4.451243053672207850e+00
-4.450524895783259716e+00
-4.450060806808101788e+00
-4.450106872206855080e+00
-4.450456160076398326e+00
-4.450205307929518739e+00
-4.450954770157928841e+00
-4.450560175599183488e+00
-4.450336045085253822e+00
-4.450349917691218238e+00
-4.450357032554958181e+00
-4.450426282649067922e+00
-4.450589299098624885e+00
-4.450483889697874673e+00
-4.450476396024408032e+00
-4.450553667735395180e+00
-4.450654082576381398e+00
-4.450968927327513924e+00
-4.451608528396191033e+00
-4.450711589534964041e+00
-4.451365273882519347e+00
-4.449849288454244878e+00
-4.449853182381051653e+00
-4.451168043146482844e+00
-4.450472950655606219e+00
-4.450869670136396117e+00
-4.451393173751569954e+00
-4.451122820101387489e+00
-4.450495990929209889e+00
-4.452864684636697490e+00
-4.451609828671362123e+00
-4.446626900715245689e+00
-4.446983889771821019e+00
-4.448661438500060683e+00
-4.449597744562385770e+00
-4.450207712860882125e+00
-4.450513211260510360e+00
-4.450684603335499645e+00
-4.451104247692047267e+00
-4.464476109612720123e+00
-4.423093806205950607e+00
-4.482937278647174395e+00
-4.485862527084921503e+00
-4.472699325903830569e+00
-4.460515773595644440e+00
-4.456832488785895663e+00
-4.458219300907202864e+00
-4.457976790049009708e+00
-4.454925982096069603e+00
-4.453840543582414213e+00
-4.454124729948064854e+00
-4.454637059939734911e+00
-4.452911865339343578e+00
-4.453380461304223381e+00
-4.455716398711726534e+00
-4.457380928985958946e+00
-4.456043547485448286e+00
-4.453784871169802706e+00
-4.455256599367427128e+00
-4.456736782970958544e+00
-4.454209272828321353e+00
-4.455703673401791853e+00
-4.455313804366245023e+00
-4.454862114118125049e+00
-4.455470907873862352e+00
-4.455998179830434225e+00
-4.452966294707541905e+00
-4.454063860381449302e+00
-4.454487340482360835e+00
-4.453599288115411170e+00
-4.453945719135216308e+00
-4.454064004579155522e+00
-4.453616297014908909e+00
-4.453529072340353778e+00
-4.453384892403351003e+00
-4.453241448370540922e+00
-4.452537164176123774e+00
-4.454513646978574215e+00
-4.452646160643258355e+00
-4.453418099818025055e+00
-4.453934245377023871e+00
-4.453499358206672198e+00
-4.452958400461346500e+00
-4.452514013135511206e+00
-4.452368179323149988e+00
-4.452463935438754739e+00
-4.452595917052720509e+00
-4.452552695710894071e+00
-4.453466035802064127e+00
-4.429508233059744171e+00
-4.429564303355625121e+00
-4.422998717114944967e+00
-4.442713067320575249e+00
-4.446630148164693708e+00
-4.447812463924416981e+00
-4.448070483967167199e+00
-4.448673633537648442e+00
-4.449287875528242786e+00
-4.449176510853772193e+00
-4.448841411590028549e+00
-4.449318356487097503e+00
-4.448505063338037857e+00
-4.446316294801640367e+00
-4.444499083352514646e+00
-4.444342642099774920e+00
-4.445737293271044166e+00
-4.446006508926998890e+00
-4.445660819118383955e+00
-4.445616778937754532e+00
-4.445075194862333490e+00
-4.445567303724043740e+00
-4.445925609861139272e+00
-4.445849910965507412e+00
-4.446011841247779373e+00
-4.446816729559246895e+00
-4.447978186818108526e+00
-4.448803628519887532e+00
-4.449410661133518019e+00
-4.449237786440436437e+00
-4.448926008052305647e+00
-4.449538547174659797e+00
-4.450031861741502226e+00
-4.450180653577346490e+00
-4.450124203292117109e+00
-4.450255003181124991e+00
-4.449389140758540861e+00
-4.451122644282096807e+00
-4.451705180731384104e+00
-4.451802391868890041e+00
-4.451841750545602494e+00
-4.452197024985587781e+00
-4.452498398623221831e+00
-4.452532485354000258e+00
-4.452364345320623862e+00
-4.451489897658778006e+00
-4.450855406839486328e+00
-4.454629206993825363e+00
