8.688043268514982209e-01
7.503258549103875019e-01
5.539989573580743620e-01
3.342693532835774306e-01
1.832880652260384102e-01
9.159388638890436640e-02
4.430302197067792491e-02
2.439807138714977786e-02
2.443092801283691662e-02
3.575729827147822171e-02
4.094247582328530699e-02
3.801516238790997315e-02
3.738895817295334600e-02
3.872704494653472773e-02
3.533360586971917572e-02
3.273560853450091512e-02
3.426331364834028781e-02
3.344141867904110166e-02
2.906955254684051582e-02
1.985506067296261001e-02
1.412895485794929407e-02
7.550709881095074572e-03
-3.168425472123148623e-04
-3.508002697336476405e-03
-1.765920200624604419e-03
-9.975082843322047310e-04
-7.467491826837424629e-03
-2.504215113267815873e-02
-5.690929399043315184e-02
-1.129446182796637055e-01
-1.887016582699173606e-01
-2.666444910653655853e-01
-3.331143610182558668e-01
-3.843611575575349715e-01
-4.188374755964044405e-01
-4.319251109118907306e-01
-4.165395287243693900e-01
2.142933327162579449e-01
1.000038610358095320e+04
-2.501407432576902679e+00
-2.500788059581566358e+00
-2.500070702760874397e+00
-2.500388180847774144e+00
-2.499446843389561579e+00
-2.499683796271304992e+00
-2.499793122410986168e+00
-2.499918164874174842e+00
-2.499958629207422511e+00
-2.499918155695593391e+00
-2.499892762583506567e+00
-2.499865180724900604e+00
-2.499868168334288931e+00
-2.499871972786181118e+00
-2.499878146638169873e+00
-2.499884868003773075e+00
-2.499886256345116742e+00
-2.499897724612207384e+00
-2.499893506635558094e+00
-2.499894182348581850e+00
-2.499891877700300746e+00
-2.499887280214970531e+00
-2.499889243904112490e+00
-2.499890019229566107e+00
-2.499888697824058426e+00
-2.499894975104258954e+00
-2.499892860525459781e+00
-2.499877680449254402e+00
-2.499865653228276585e+00
-2.499828752986581470e+00
-2.499815321346940067e+00
-2.499854085159560313e+00
-2.499924265359069864e+00
-2.499966270451070116e+00
-2.499934019641357530e+00
-2.499792305911543444e+00
-2.499630438616220474e+00
-2.499589755908249167e+00
-2.499812592309948123e+00
-2.500259016197379225e+00
-2.500014754665686567e+00
-2.499072096935220699e+00
-2.500739956270734865e+00
-2.500117072505650295e+00
-2.497781656859365818e+00
-2.498789450976968141e+00
-2.499607586723652464e+00
-2.499139399247363169e+00
-2.492943898428561234e+00
-2.503508107139412964e+00
-2.498831686117322981e+00
-2.500426104418020934e+00
-2.499311104257463612e+00
-2.499659332303360237e+00
-2.499808205845125642e+00
-2.499927626682593385e+00
-2.499952913728218817e+00
-2.499937166497084196e+00
-2.499923273608985141e+00
-2.499910728181765407e+00
-2.499927325432749647e+00
-2.499928412557816948e+00
-2.499937532238223348e+00
-2.499921085289298794e+00
-2.499911067209511728e+00
-2.499906775025060313e+00
-2.499907952349750495e+00
-2.499904332142267371e+00
-2.499904645451253238e+00
-2.499905941951363175e+00
-2.499903177089501938e+00
-2.499899866294028605e+00
-2.499906274209856782e+00
-2.499896868829075025e+00
-2.499904595848547295e+00
-2.499889113630375803e+00
-2.499870868975495597e+00
-2.499852013524689109e+00
-2.499849099802863073e+00
-2.499857765813341182e+00
-2.499897963425671499e+00
-2.499927042626935325e+00
-2.499918860270266219e+00
-2.499818367453171319e+00
-2.499643520841321020e+00
-2.499535780941753771e+00
-2.499675980724256341e+00
-2.499994932596562691e+00
-2.499701750543999346e+00
-2.499420496649878309e+00
-2.502176989005488572e+00
-2.498837190968307365e+00
-2.500190176476633663e+00
-2.500755662074946706e+00
-2.502721876856665695e+00
-2.500973034187569777e+00
-2.499348679236375048e+00
-2.504269707373529830e+00
-2.498671961158427379e+00
-2.499935336951258247e+00
-2.499413514397124114e+00
-2.499679795557369744e+00
-2.499841436310622278e+00
-2.499988502555276604e+00
-2.500037351739614166e+00
-2.500017822424640102e+00
-2.499966578863861866e+00
-2.499940284376059196e+00
-2.499904412991403646e+00
-2.499911528975801822e+00
-2.499897326365118744e+00
-2.499904456700871247e+00
-2.499917494658055350e+00
-2.499918389483303027e+00
-2.499911502788775941e+00
-2.499922040343059315e+00
-2.499916093350323276e+00
-2.499918579817902220e+00
-2.499919328874768532e+00
-2.499927423949893868e+00
-2.499921818488180847e+00
-2.499947622869698183e+00
-2.499965111411563523e+00
-2.499961253760782043e+00
-2.500001665972405362e+00
-2.499987948915237013e+00
-2.499972444355186063e+00
-2.499972144233733484e+00
-2.500019463497365813e+00
-2.500064521985742694e+00
-2.500107225784655718e+00
-2.500006317220556440e+00
-2.500035992086637293e+00
-2.499962276557540442e+00
-2.499752614101861781e+00
-2.499746666467808076e+00
-2.499678820921133138e+00
-2.498714627335003158e+00
-2.499148298804212409e+00
-2.500080876852459166e+00
-2.502143783172834368e+00
-2.500100698367497376e+00
-2.499203834739993191e+00
-2.499292422095686472e+00
-2.497404170484673891e+00
-2.504522598457061378e+00
-2.498651393330321824e+00
-2.499522319960139960e+00
-2.499612007258624757e+00
-2.499710170801320963e+00
-2.499972253889430007e+00
-2.500045948050092726e+00
-2.499955961420816664e+00
-2.499900719822908179e+00
-2.499872386355157516e+00
-2.499892907479595472e+00
-2.499904097361985933e+00
-2.499911339595018323e+00
-2.499918758687430298e+00
-2.499917749795427468e+00
-2.499926367364216695e+00
-2.499926045759696791e+00
-2.499920399286915895e+00
-2.499917213131300109e+00
-2.499918875095647142e+00
-2.499917122234672107e+00
-2.499914354833835173e+00
-2.499916277294753630e+00
-2.499915113315076987e+00
-2.499907945584221025e+00
-2.499904320757370790e+00
-2.499895067038986340e+00
-2.499875794162925935e+00
-2.499864961877886760e+00
-2.499859898393063773e+00
-2.499868659540506854e+00
-2.499921986540335705e+00
-2.499952472472374509e+00
-2.500090773192609639e+00
-2.500154735208921508e+00
-2.500323076821642232e+00
-2.500360908848262120e+00
-2.500263776316521636e+00
-2.499629639175643625e+00
-2.499935599116460239e+00
-2.500277007830987941e+00
-2.499899657168679123e+00
-2.501257720212763491e+00
-2.498788137849154101e+00
-2.499032238238127590e+00
-2.499661501093465965e+00
-2.499819631179987400e+00
-2.497144264429538740e+00
-2.504791245525128218e+00
-2.498326346666636777e+00
-2.499425902075234518e+00
-2.499740315201037788e+00
-2.499870070953453371e+00
-2.499830089084797535e+00
-2.499889809874415558e+00
-2.499847713755500855e+00
-2.499837558883265753e+00
-2.499865360416452909e+00
-2.499870721318929512e+00
-2.499887684296415280e+00
-2.499892242891183169e+00
-2.499894221341323775e+00
-2.499916447010276599e+00
-2.499913355250983127e+00
-2.499912884203611796e+00
-2.499912972461167726e+00
-2.499909456657837925e+00
-2.499909407111092996e+00
-2.499911757033719262e+00
-2.499910205464810353e+00
-2.499908622355060395e+00
-2.499907921462248162e+00
-2.499899529610670967e+00
-2.499888050073050039e+00
-2.499863125890909199e+00
-2.499834135183712114e+00
-2.499809006997242733e+00
-2.499789654501020308e+00
-2.499783597122894552e+00
-2.499784824306753084e+00
-2.499778927111945048e+00
-2.499804410953468725e+00
-2.499928898310449732e+00
-2.500196950207547175e+00
-2.500374718974780919e+00
-2.499829941668370470e+00
-2.499244135494461450e+00
-2.499867693571843574e+00
-2.500608719996709084e+00
-2.501026776149714692e+00
-2.499225976337132060e+00
-2.499592937604520948e+00
-2.499905634898271778e+00
-2.499953190878499765e+00
-2.499877798743375124e+00
-2.497061111543732004e+00
-2.505161365634335446e+00
-2.497882459452311465e+00
-2.499653568367879330e+00
-2.499803674619176519e+00
-2.499733107831289658e+00
-2.499794636602914011e+00
-2.499820821218087019e+00
-2.499798229360290058e+00
-2.499745934680797088e+00
-2.499829040700385807e+00
-2.499839409635780108e+00
-2.499831009138691940e+00
-2.499871399705822839e+00
-2.499864712178662352e+00
-2.499852165123356507e+00
-2.499871789446655335e+00
-2.499862382387841198e+00
-2.499853773674873381e+00
-2.499856015802628839e+00
-2.499854713595741185e+00
-2.499856678829340595e+00
-2.499862492082009169e+00
-2.499860248207229851e+00
-2.499860693156403801e+00
-2.499852876570178850e+00
-2.499843430348727580e+00
-2.499831777616499107e+00
-2.499807978112153162e+00
-2.499787852393970944e+00
-2.499787335534576549e+00
-2.499784321291298017e+00
-2.499792199058008535e+00
-2.499797480991839294e+00
-2.499851431462534190e+00
-2.500132123820160146e+00
-2.500528715024026294e+00
-2.500500705840919657e+00
-2.499544726859526556e+00
-2.498879984536260146e+00
-2.500548236203252728e+00
-2.501240899696113296e+00
-2.499060639158612318e+00
-2.499683780279935874e+00
-2.499975097680693814e+00
-2.499918498266032962e+00
-2.499913912282875295e+00
-2.499867067031169121e+00
-2.496806326881561233e+00
-2.505289247897322547e+00
-2.497420384867729659e+00
-2.499633159739630628e+00
-2.499670129789228312e+00
-2.499805219967788261e+00
-2.499944109246023061e+00
-2.499965691176250004e+00
-2.499871445917310364e+00
-2.499955547531524047e+00
-2.499906486562568197e+00
-2.499843875656177161e+00
-2.499877231084646212e+00
-2.499804911964218945e+00
-2.499775085207655678e+00
-2.499805620078303203e+00
-2.499785977864675601e+00
-2.499799525449998505e+00
-2.499785736818909143e+00
-2.499778709933512477e+00
-2.499785723194606568e+00
-2.499787594224286202e+00
-2.499789037832230498e+00
-2.499792220992383740e+00
-2.499792040089361400e+00
-2.499823504866206747e+00
-2.499861086043370761e+00
-2.499911380019202767e+00
-2.499974876183300054e+00
-2.500035046257018223e+00
-2.500055728488905782e+00
-2.500142356036677782e+00
-2.500123570690468533e+00
-2.500122458170413786e+00
-2.500424001021981368e+00
-2.500588302559092924e+00
-2.500706342857623277e+00
-2.500138543463554797e+00
-2.499190051463703099e+00
-2.499493122723067451e+00
-2.500132650389115696e+00
-2.499905630634889686e+00
-2.499422071014987701e+00
-2.499922653541361228e+00
-2.499919150567452064e+00
-2.499901686780621191e+00
-2.499910318110302399e+00
-2.499878586402924263e+00
-2.496295086684476416e+00
-2.507246206528527033e+00
-2.497266044640638949e+00
-2.499766119085321314e+00
-2.499634295047148846e+00
-2.499901971907586784e+00
-2.500246591889422554e+00
-2.500306645112362780e+00
-2.500346917859544327e+00
-2.500239813866512950e+00
-2.500103345832086710e+00
-2.500118241473447522e+00
-2.499951072263634444e+00
-2.499959313282276607e+00
-2.499874853085887416e+00
-2.499839948967258252e+00
-2.499874340247326909e+00
-2.499859012097553901e+00
-2.499874035574860986e+00
-2.499864935594395821e+00
-2.499862414477560080e+00
-2.499867496302962344e+00
-2.499863180848294064e+00
-2.499867840438439792e+00
-2.499891545904745715e+00
-2.499912039965531463e+00
-2.499968076273529682e+00
-2.500060124738229028e+00
-2.500192597849036247e+00
-2.500262543930833914e+00
-2.500280486254307988e+00
-2.500217020820326042e+00
-2.500083636365995954e+00
-2.500066113139296498e+00
-2.500162568295962284e+00
-2.499845278297060602e+00
-2.499019416651236725e+00
-2.497928086387191993e+00
-2.499205192411908527e+00
-2.500649197478779229e+00
-2.500602573094218073e+00
-2.499288515304397329e+00
-2.499865252030212481e+00
-2.499918007238426831e+00
-2.499905531961081451e+00
-2.499908958513700874e+00
-2.499928977082589654e+00
-2.499830039879055832e+00
-2.496171616467277143e+00
-2.507327504471326129e+00
-2.496611874567296496e+00
-2.500068572756619645e+00
-2.500181006148078922e+00
-2.500007424522625143e+00
-2.499808210702968658e+00
-2.499986578573191842e+00
-2.500016431146907081e+00
-2.499943298233762157e+00
-2.499930023694543202e+00
-2.499800540713324359e+00
-2.500065598482842155e+00
-2.500069617729288929e+00
-2.500133731853864560e+00
-2.500074065831090042e+00
-2.500092007336892852e+00
-2.500087337329515158e+00
-2.500093293315099885e+00
-2.500099056924659724e+00
-2.500104794103910066e+00
-2.500088455989645908e+00
-2.500047120248829469e+00
-2.500039290842594575e+00
-2.500063591041802535e+00
-2.500061246445723917e+00
-2.499972818459146318e+00
-2.499925004815180429e+00
-2.499851894126130958e+00
-2.499869487921153599e+00
-2.499880571031945831e+00
-2.499841823348109227e+00
-2.499792336313493291e+00
-2.499851760817522361e+00
-2.499778497235920938e+00
-2.499288839481621949e+00
-2.497839634619233529e+00
-2.496851694259054621e+00
-2.499474065093245656e+00
-2.501665726111146348e+00
-2.498460943841238624e+00
-2.499683242640565073e+00
-2.499891085516551925e+00
-2.499882858032242972e+00
-2.499902233646001726e+00
-2.499938201505438329e+00
-2.499936336567131434e+00
-2.500041284504139760e+00
-2.500989798078606441e+00
-2.507945724566450263e+00
-2.497037215643866048e+00
-2.500007932273343503e+00
-2.499495111499469679e+00
-2.499492268888712232e+00
-2.499518287632250590e+00
-2.498804338713493056e+00
-2.498621870162811121e+00
-2.498660885474820681e+00
-2.498632091848097758e+00
-2.498774275787729593e+00
-2.499042728219030174e+00
-2.499214856415246100e+00
-2.499238761253686381e+00
-2.499261875966991120e+00
-2.499145792010339484e+00
-2.499223458640146500e+00
-2.499257386299676309e+00
-2.499218904830744492e+00
-2.499219260546479582e+00
-2.499180874755045245e+00
-2.499150261705934462e+00
-2.499160502208729540e+00
-2.499092039962578227e+00
-2.498946433760434793e+00
-2.498943870400387457e+00
-2.498705845995011554e+00
-2.498687500564821029e+00
-2.498737872833406204e+00
-2.498301704638132392e+00
-2.498527627449861566e+00
-2.498568887415889783e+00
-2.498624987026366817e+00
-2.498688774800828849e+00
-2.498980205694857570e+00
-2.500292390466872128e+00
-2.503084193878377661e+00
-2.503063974257446311e+00
-2.502002903420588176e+00
-2.500110647123618524e+00
-2.500384280560996153e+00
-2.500155553430964073e+00
-2.500034046232806784e+00
-2.499921230853711762e+00
-2.499808048193321142e+00
-2.499747881743555666e+00
-2.499394423173995960e+00
-2.476409948226681479e+00
-2.507493385332984381e+00
-2.497289152633058507e+00
-2.498828936287392555e+00
-2.499086189380416378e+00
-2.499736431511586421e+00
-2.500911707999379452e+00
-2.502259325101312992e+00
-2.501721182057873527e+00
-2.501423065442478055e+00
-2.501728483160873040e+00
-2.502928390882710019e+00
-2.501478332503917379e+00
-2.501939464341796260e+00
-2.501469956577049736e+00
-2.501334654938750290e+00
-2.501636612771153345e+00
-2.501518826345700663e+00
-2.501397045445271416e+00
-2.501717648684202988e+00
-2.501378413742147977e+00
-2.501481437573846556e+00
-2.501913701844619364e+00
-2.501966413314232973e+00
-2.501793900762231626e+00
-2.502480281490124359e+00
-2.502307485239416707e+00
-2.503344888872526930e+00
-2.501207310053163546e+00
-2.500962042887513448e+00
-2.502311167659689417e+00
-2.501115410357246827e+00
-2.501505917669161860e+00
-2.502370620769770682e+00
-2.502359948608716689e+00
-2.500987747202336298e+00
-2.502890365478195989e+00
-2.500992675860671532e+00
-2.497261087822678860e+00
-2.497846148917585829e+00
-2.498916370324262282e+00
-2.499388192403286801e+00
-2.499653194783542531e+00
-2.499773345706749250e+00
-2.499875387023608120e+00
-2.499994830654241884e+00
-2.504972365863122441e+00
-2.490313180502114143e+00
-2.531139231859476091e+00
-2.498312018881727603e+00
-2.499090459609538684e+00
-2.499097824908199872e+00
-2.500597589082647509e+00
-2.500151913372593793e+00
-2.499929457186104820e+00
-2.498705190792845254e+00
-2.498811231052739945e+00
-2.498987784588323713e+00
-2.498778623602217586e+00
-2.498683421716992648e+00
-2.497486323895378835e+00
-2.498550614019537708e+00
-2.499550364229948585e+00
-2.499268893507387901e+00
-2.498549782484817960e+00
-2.498805662683873940e+00
-2.499193898418815341e+00
-2.498519825962706609e+00
-2.499116894150922530e+00
-2.498769079369587143e+00
-2.498606861913213795e+00
-2.498760911245825778e+00
-2.498727948503722374e+00
-2.497017424386893225e+00
-2.498380839305109014e+00
-2.498240960325844195e+00
-2.498678705525798627e+00
-2.499394858329690550e+00
-2.499391078783265385e+00
-2.499488513125283973e+00
-2.499389979297393261e+00
-2.499087575669071803e+00
-2.499143170503820954e+00
-2.498943304702287538e+00
-2.497836495672535850e+00
-2.498132878115681965e+00
-2.499786128347932124e+00
-2.500418327797383711e+00
-2.500253896598960246e+00
-2.500097365693362050e+00
-2.499981258111442450e+00
-2.499936601016306881e+00
-2.499926228283937846e+00
-2.499925903065250310e+00
-2.500516729664312265e+00
-2.498434369251322451e+00
-2.478074685999359872e+00
-2.517265933815930889e+00
-2.493230074536884722e+00
-2.498356291904522575e+00
-2.500767078481462846e+00
-2.499143360221673937e+00
-2.499911568600571510e+00
-2.500193453025536527e+00
-2.500156571585173459e+00
-2.499965778295230479e+00
-2.499795407715062368e+00
-2.500112713449864188e+00
-2.500440368574881944e+00
-2.500317711714941993e+00
-2.499872051515008575e+00
-2.499516687158992667e+00
-2.499925784088873115e+00
-2.500147411474644699e+00
-2.500103497550873577e+00
-2.499953210566813411e+00
-2.499640539607186351e+00
-2.499957200955858383e+00
-2.500155618493172138e+00
-2.500147893250760589e+00
-2.500131913454964661e+00
-2.500150650994284351e+00
-2.500268593994131816e+00
-2.500346864356338017e+00
-2.500117099635317697e+00
-2.499788075355198202e+00
-2.499644804761818495e+00
-2.499768132519001096e+00
-2.499907951812713414e+00
-2.499951506851525451e+00
-2.499814006425189028e+00
-2.499808905476258669e+00
-2.500365310095503890e+00
-2.500508987404576722e+00
-2.500175721927835770e+00
-2.499982397765613040e+00
-2.499901127790574940e+00
-2.499929426992765436e+00
-2.499953375399702082e+00
-2.499952367865635683e+00
-2.499942687002815411e+00
-2.499829219237372335e+00
-2.499198277964904236e+00
-2.501245904673992992e+00
