7.997817815524135288e-01
6.974057760023604224e-01
6.201230493789208209e-01
3.820514736579541659e-01
2.010674001444766601e-01
7.465472031333292291e-02
1.823734155875816887e-02
-8.386596147698099912e-04
-6.560355292173816744e-03
3.243508306931958129e-03
1.821653956941374219e-02
2.413004371548202465e-02
1.952017019985957669e-02
1.603346835312569052e-02
1.757181235652321982e-02
1.981398772920744955e-02
1.526832945329689717e-02
1.014099012354882645e-02
1.254627086740967012e-02
1.391152366547984687e-02
9.197325958969077009e-03
3.533604308948279371e-03
5.477509737140534574e-03
3.926477481755813459e-03
-9.423968826664796961e-03
-2.468485192479608070e-02
-3.064228151246894960e-02
-3.254507431813802310e-02
-3.593704427075213037e-02
-3.555192001409807068e-02
-2.483354683975885768e-02
-1.733529417197869626e-02
-2.394635757349936056e-02
-3.513796537062918723e-02
-3.827746876662639630e-02
-3.800038388858723026e-02
-3.564053859511627509e-02
2.167859315892894101e-01
1.000000041815601435e+04
-3.520806896308507471e-04
-5.673435320847787901e-04
-6.032543312766483739e-04
-5.430444517930566473e-04
-4.327300831447667188e-04
-3.116435170017720795e-04
-2.669143677284662071e-04
-2.677763057373511862e-04
-2.769621768624043424e-04
-2.996065768389027657e-04
-3.108435189131301219e-04
-3.255212771127021995e-04
-3.370234256375725934e-04
-3.434444567241044322e-04
-3.499548916472603973e-04
-3.551882424783646321e-04
-3.590788985485508116e-04
-3.624785111057829759e-04
-3.656328336069232477e-04
-3.671288548533451065e-04
-3.682657883747933979e-04
-3.691642561996222316e-04
-3.705441648144893081e-04
-3.713500507154831373e-04
-3.726706263267985523e-04
-3.739571139811813296e-04
-3.747103137776096847e-04
-3.748184153361186488e-04
-3.747038842608338199e-04
-3.750391940667698954e-04
-3.749960468930046693e-04
-3.743099840406209308e-04
-3.725462615098460795e-04
-3.711482253634717718e-04
-3.704445896203448370e-04
-3.706286410304622894e-04
-3.707407697498818272e-04
-3.718749696358587039e-04
-3.724453260522594131e-04
-3.721431791919086168e-04
-3.737092015555913455e-04
-3.744874540629309799e-04
-3.753481979305317855e-04
-3.770130131426768240e-04
-3.792177312601498706e-04
-3.814609876275362548e-04
-3.854505652916615887e-04
-3.888351472869782137e-04
-3.873105991333392170e-04
-5.525443502843690839e-04
-5.571843396023323227e-04
-5.445635887371141513e-04
-3.703005914421130603e-04
-2.964912085946674360e-04
-2.837200826679896963e-04
-2.971365463517541849e-04
-3.138948359580926253e-04
-3.293294017109418587e-04
-3.408216737065551108e-04
-3.483329059888674493e-04
-3.574456622985395962e-04
-3.659824190195161810e-04
-3.668911034547111009e-04
-3.677548385949831440e-04
-3.674930904350105949e-04
-3.677839492802432780e-04
-3.679487269135162456e-04
-3.673087513605912584e-04
-3.671179906515002062e-04
-3.671989748957310952e-04
-3.667533220029913182e-04
-3.663137597907784168e-04
-3.664996146430863754e-04
-3.663743802033181960e-04
-3.663417048291640085e-04
-3.661205178874142119e-04
-3.660978070034146296e-04
-3.661898021109845120e-04
-3.665578617669996596e-04
-3.661990888823989402e-04
-3.660946269821512781e-04
-3.657827076834269846e-04
-3.656769451621085182e-04
-3.658439193095071275e-04
-3.668597235109853139e-04
-3.674516919625754846e-04
-3.676770640882087086e-04
-3.671286125197757168e-04
-3.685263707374255020e-04
-3.695297387147662834e-04
-3.697990835932368531e-04
-3.710631589813300347e-04
-3.727253924101035635e-04
-3.750165641527645317e-04
-3.778664106918161437e-04
-3.798520751838119973e-04
-3.802571887339222640e-04
-5.426233028305340851e-04
-5.275693609506696118e-04
-4.862591484856082567e-04
-3.400659246401928262e-04
-3.050308343787980127e-04
-3.203064992408975568e-04
-3.394705576180024188e-04
-3.502245086236855948e-04
-3.582477236019754449e-04
-3.623873729423204566e-04
-3.661034862849704089e-04
-3.665253511603650330e-04
-3.698851705298852161e-04
-3.705101391569030162e-04
-3.727548148492457387e-04
-3.724789109516342010e-04
-3.714138252939823675e-04
-3.710260686863501678e-04
-3.694692529490912884e-04
-3.685632225145825261e-04
-3.681646648124560972e-04
-3.671964694321515972e-04
-3.664055825443662470e-04
-3.661142918961000220e-04
-3.653163747547547588e-04
-3.648968835346591967e-04
-3.649362576403616313e-04
-3.649007456329541222e-04
-3.647133038815580084e-04
-3.652603498175459253e-04
-3.654639484700722375e-04
-3.655570154652258035e-04
-3.662769394335000273e-04
-3.660560039309734598e-04
-3.660642938197207616e-04
-3.671642392515934820e-04
-3.675414790076188720e-04
-3.675656517678604213e-04
-3.683625201777221934e-04
-3.689253897438197192e-04
-3.704257965758014871e-04
-3.710501515354416857e-04
-3.725629858778450746e-04
-3.735012506657004231e-04
-3.737301360559199090e-04
-3.728397556761691269e-04
-3.719709843947255150e-04
-3.726851938694891340e-04
-5.218029808379838876e-04
-4.963832457561413291e-04
-4.054302234680958340e-04
-3.300114814543146299e-04
-3.367447679181530436e-04
-3.529606581989839587e-04
-3.615672591295516136e-04
-3.555080439953860411e-04
-3.503187911490877188e-04
-3.529144236250994797e-04
-3.607036319801226179e-04
-3.636958349650215279e-04
-3.665717842495066960e-04
-3.688628735278640493e-04
-3.718788100438126455e-04
-3.718189368177241948e-04
-3.706301734709934229e-04
-3.701838975955319211e-04
-3.689593319145171137e-04
-3.683701563508301490e-04
-3.677731685470416703e-04
-3.669408305104867240e-04
-3.663510793165727355e-04
-3.658755369717175141e-04
-3.651907932355756320e-04
-3.646132068950816473e-04
-3.643101943578802809e-04
-3.642325449453238701e-04
-3.639656309542307054e-04
-3.638993412396024862e-04
-3.643199952870048233e-04
-3.642519814491638618e-04
-3.646630672802275469e-04
-3.653197594629919152e-04
-3.655587978936976584e-04
-3.660975460062613237e-04
-3.670584134665769160e-04
-3.670980739580899247e-04
-3.676948450320530735e-04
-3.679193043400970408e-04
-3.691050709174804900e-04
-3.702409587584289639e-04
-3.722865636531804377e-04
-3.721726308050435491e-04
-3.720875367747716075e-04
-3.698388580750664508e-04
-3.678485099983105021e-04
-3.661700154930819955e-04
-5.074208556361990089e-04
-4.690329344486423571e-04
-3.734359365771718064e-04
-3.493045344764350493e-04
-3.566290903070889183e-04
-3.521854737421397860e-04
-3.482746125770265727e-04
-3.416858138485872015e-04
-3.425254960589911297e-04
-3.474630187790591490e-04
-3.526167240395065047e-04
-3.546623378694484566e-04
-3.586689985781953138e-04
-3.626080557147997934e-04
-3.686596870905754298e-04
-3.697587765304016999e-04
-3.683657544852999210e-04
-3.689644603159178155e-04
-3.688446803495586536e-04
-3.680284249716474524e-04
-3.675562772414478463e-04
-3.669478941670009761e-04
-3.662696805925725468e-04
-3.658278540868655686e-04
-3.652554629697722590e-04
-3.646557771694544127e-04
-3.641182794745456914e-04
-3.638352586086925815e-04
-3.638185200022015821e-04
-3.636530135030491251e-04
-3.636542480225339190e-04
-3.641033335588076975e-04
-3.644159394861563373e-04
-3.653759185527854060e-04
-3.657399481443028870e-04
-3.658352683010642099e-04
-3.667211909225555171e-04
-3.669787475597108663e-04
-3.672640598673443304e-04
-3.680639487596301749e-04
-3.689585096572502816e-04
-3.705328785485297385e-04
-3.723918693279334438e-04
-3.720246202201927372e-04
-3.709804926626270863e-04
-3.684879239737143502e-04
-3.657562744599087519e-04
-3.647072146972013453e-04
-4.606960529573130361e-04
-4.382302576409988237e-04
-3.671240788795182368e-04
-3.514385191303821061e-04
-3.450243104538796538e-04
-3.571526349422564448e-04
-3.618831204846242487e-04
-3.623476255253461529e-04
-3.610997532167316954e-04
-3.470771299969144892e-04
-3.448269708158409742e-04
-3.444111499884351712e-04
-3.543684885721510311e-04
-3.586377566332555364e-04
-3.635181914263585002e-04
-3.667212067697257186e-04
-3.675427029972010867e-04
-3.669977734051224258e-04
-3.678999434526377733e-04
-3.679539686294030511e-04
-3.672839304199849129e-04
-3.669149103288797458e-04
-3.664106976508506742e-04
-3.659306987291445186e-04
-3.653751614304666276e-04
-3.647411872589877992e-04
-3.641752644766608430e-04
-3.636749207161570985e-04
-3.634391394389645128e-04
-3.636283508532350914e-04
-3.635593181117662649e-04
-3.641393858353545831e-04
-3.645070510767412235e-04
-3.649626879038582049e-04
-3.659680379914807195e-04
-3.660448333841515587e-04
-3.663645572336936946e-04
-3.672809886668305804e-04
-3.677656784910422532e-04
-3.688193868940154623e-04
-3.697417967416404190e-04
-3.709943227960210113e-04
-3.720658345130149346e-04
-3.705100797523556001e-04
-3.679688538295770666e-04
-3.661697210431220841e-04
-3.630882240238891921e-04
-3.598421875202734805e-04
-4.404240505981408269e-04
-3.957315122461166953e-04
-3.446635605661386363e-04
-3.539304819398293744e-04
-3.559271002407730618e-04
-3.604276790579574578e-04
-3.603985604371732327e-04
-3.630572418509983384e-04
-3.681513729706889396e-04
-3.667565480207798890e-04
-3.653308712726808746e-04
-3.495125196737141737e-04
-3.451201123496652995e-04
-3.497758857795769971e-04
-3.573538005794878810e-04
-3.611884587278226259e-04
-3.647343291397159922e-04
-3.660300037166807621e-04
-3.658222338705573824e-04
-3.669694119867233039e-04
-3.671668972970448135e-04
-3.665458308423102832e-04
-3.664118166784233188e-04
-3.659338609182715492e-04
-3.654463866636227347e-04
-3.649457407433312397e-04
-3.643610462307156567e-04
-3.638022981859065602e-04
-3.633686686979483403e-04
-3.636230249825295928e-04
-3.637204461700116833e-04
-3.640165561501816725e-04
-3.650976889864524086e-04
-3.655268753493554697e-04
-3.665693245860470796e-04
-3.669569747633109088e-04
-3.671322632786789089e-04
-3.685941822942400618e-04
-3.690172231153940742e-04
-3.701838648072035536e-04
-3.717423596820118689e-04
-3.714099992462003858e-04
-3.701058444048725433e-04
-3.669605722068056976e-04
-3.628143769671524663e-04
-3.596572602061067587e-04
-3.548407649829976129e-04
-3.521191565540518617e-04
-4.988701445414425078e-04
-3.849141243958510770e-04
-3.695875157357846421e-04
-3.637999300375234393e-04
-3.640891191522558821e-04
-3.618342240532557174e-04
-3.618373530020275097e-04
-3.624986531565103746e-04
-3.653619715270829313e-04
-3.681303242448387024e-04
-3.727145276834408437e-04
-3.675399566090301680e-04
-3.520679978580315713e-04
-3.460991803444213029e-04
-3.498748605922239125e-04
-3.565317452050454500e-04
-3.588602482650400530e-04
-3.630219983345375355e-04
-3.647287040246155508e-04
-3.648138545675080305e-04
-3.665314544838412045e-04
-3.662400621821559530e-04
-3.660594095638739312e-04
-3.656850363369241715e-04
-3.652631020099208581e-04
-3.652724174633494611e-04
-3.649487039335109584e-04
-3.644731880610266360e-04
-3.641541082192902967e-04
-3.644282427143321680e-04
-3.654101299518283641e-04
-3.656520507511555043e-04
-3.663646437171877803e-04
-3.663529358642119370e-04
-3.667341081251497461e-04
-3.682253636263102341e-04
-3.690736447274023608e-04
-3.708143555409006663e-04
-3.711935634129522195e-04
-3.716396882417805124e-04
-3.717878309620366978e-04
-3.680321169205356068e-04
-3.631289064518003896e-04
-3.584407137501995858e-04
-3.521911388747279775e-04
-3.459665763474783834e-04
-3.363119713356154013e-04
-3.298831340566035449e-04
-7.590065568991894189e-04
-3.660630949285301194e-04
-3.440447021432554856e-04
-3.460574330955752827e-04
-3.688570452387670466e-04
-3.641993192476949037e-04
-3.630916365847528578e-04
-3.652734209645605709e-04
-3.669912968534901369e-04
-3.673702719458102187e-04
-3.706827651626960611e-04
-3.752196808904452495e-04
-3.702528284042397961e-04
-3.557616526085734753e-04
-3.480206030644768201e-04
-3.545658510991008547e-04
-3.557685877353852213e-04
-3.566911328375515773e-04
-3.630959425218206467e-04
-3.641430252031803492e-04
-3.657054883540486836e-04
-3.660246322258624329e-04
-3.653219545106019001e-04
-3.652818598890934299e-04
-3.650035296169104691e-04
-3.650404649423498807e-04
-3.647872990559665029e-04
-3.643741245859181792e-04
-3.644543782940956513e-04
-3.648048781789911001e-04
-3.656879621679107856e-04
-3.652896839639547871e-04
-3.645258894889839710e-04
-3.644721118573513601e-04
-3.650842551986591372e-04
-3.671602676301722028e-04
-3.685395652233923718e-04
-3.687312541870091322e-04
-3.693124273353642017e-04
-3.681038871164315791e-04
-3.657997768463918872e-04
-3.610436625584373328e-04
-3.541491601032780204e-04
-3.466635901243933461e-04
-3.361588839180672424e-04
-3.202970389862178319e-04
-3.014656770966696406e-04
-2.693887328177857997e-04
-5.283012533925494653e-04
-1.815778178509581129e-04
-1.981300929443086914e-04
-2.234605666216928760e-04
-3.085407413686490309e-04
-3.564401846470201902e-04
-3.547607028399661026e-04
-3.649366245057046403e-04
-3.663496239530844296e-04
-3.661914089889829575e-04
-3.675740152779351276e-04
-3.701989879635900291e-04
-3.763603506190711656e-04
-3.288159867504194265e-04
-3.418114880246017119e-04
-3.401305965721635339e-04
-3.488090912027892992e-04
-3.500777317251618694e-04
-3.563296152344365940e-04
-3.585640583740588600e-04
-3.581722234491312943e-04
-3.603630545830228808e-04
-3.598299679400163739e-04
-3.597335792968320680e-04
-3.595539101044983605e-04
-3.585269960486971511e-04
-3.579685867574546477e-04
-3.570660211507799796e-04
-3.536641189781098153e-04
-3.497530203461006286e-04
-3.468296878820857068e-04
-3.630173141328268309e-04
-3.599505662821858511e-04
-3.589326032211811882e-04
-3.590902159484971002e-04
-3.607813721477714348e-04
-3.640873033034561614e-04
-3.633170414916212735e-04
-3.631608805651531961e-04
-3.618671813301540001e-04
-3.581997350771553581e-04
-3.526598550186436812e-04
-3.424605812615309840e-04
-3.316582549683667609e-04
-3.150351675468420366e-04
-2.860822542676081650e-04
-2.557177200905380110e-04
-2.372360617369625101e-04
-1.158642395512825924e-04
-1.483620385123238369e-04
-1.603084777212458734e-04
-1.725197395773407410e-04
-2.375788409891115287e-04
-3.078693915321631391e-04
-3.254874203964848315e-04
-3.242958111163825536e-04
-3.220530799701348855e-04
-3.243132426625874084e-04
-3.310277357203691897e-04
-2.950985134996959836e-04
-1.575158001041583274e-04
-2.449001376038972334e-04
-2.933514692265649015e-04
-3.112053482664950692e-04
-3.133308404803285740e-04
-3.150377388323111942e-04
-3.204567670972209180e-04
-3.215190803400096381e-04
-3.225872952946884885e-04
-3.203865877372100613e-04
-3.202942244970438321e-04
-3.207255602427905306e-04
-3.155031484940527386e-04
-3.117864606609136975e-04
-3.037591665640790610e-04
-2.820336413401677692e-04
-2.562844549969010106e-04
-2.565523554992443604e-04
-3.237083041679120199e-04
-3.350278050656698933e-04
-3.295720818651512495e-04
-3.244727844903821804e-04
-3.232966131866900523e-04
-3.288868468157157702e-04
-3.271538849112004175e-04
-3.297099815896390221e-04
-3.381732724554727771e-04
-3.398166531860265347e-04
-3.369518726431439365e-04
-3.264679007999416274e-04
-3.241585855800963034e-04
-3.169761704355354313e-04
-3.082076165963141667e-04
-3.097451436715522449e-04
-2.963057357986304289e-04
-2.571889115530859890e-04
-1.141717446731390994e-04
-1.383065462383646399e-04
-1.160224213691137495e-04
-1.005953060537168563e-04
-6.674968474395180076e-05
-1.186056252141891163e-04
-1.391362116754082576e-04
-1.381429830057773970e-04
-1.366050598085509450e-04
-1.372467033650187282e-04
-1.433020944343711212e-04
-1.626849439738337142e-04
-1.531812771634516229e-04
-1.925801916469217778e-04
-1.945329431484620259e-04
-1.923659874747174253e-04
-1.983125374795520978e-04
-2.004737040467476897e-04
-1.931429896384169388e-04
-1.945656851113469451e-04
-1.959329552103921551e-04
-1.947648648099231574e-04
-1.963052413993906012e-04
-1.968609007609425422e-04
-1.856581159037319823e-04
-1.895844947287406873e-04
-1.896568968985466307e-04
-1.816399578481606646e-04
-1.810780497060920967e-04
-1.728832220643024438e-04
-1.753824496824857694e-04
-1.637825452380810959e-04
-1.515220731616075676e-04
-1.421244028348090586e-04
-1.368696661029279358e-04
-1.367827374981413658e-04
-1.390688541469747787e-04
-1.455851600418717868e-04
-1.582995113669289548e-04
-1.635297306358572754e-04
-1.602071454539896929e-04
-1.512874887732392252e-04
-1.457428910859385454e-04
-1.402021745210154746e-04
-1.395381788501942079e-04
-1.490232552412734288e-04
-1.633308770504146308e-04
-2.468209094817148995e-04
-1.355891012536811994e-04
-1.610092929888144600e-04
-7.655873591919006970e-05
-3.801096414715658635e-05
-3.178046664081099102e-05
-3.663749108695028834e-05
-4.144553840628686681e-05
-3.995620392677411657e-05
-3.277513170449826337e-05
-2.884648061818327386e-05
-3.469462941920564258e-05
-4.356449676249077356e-05
-4.992868920987406805e-05
-4.179774180609251112e-05
-3.703159212997217549e-05
-4.250517528265191210e-05
-5.190510007963522433e-05
-5.194808327923336764e-05
-4.252161517441799276e-05
-3.679867655712864834e-05
-4.197474603368989756e-05
-5.118490609130475262e-05
-5.119298910012336608e-05
-4.217509004896207012e-05
-3.599735647100279568e-05
-4.125316301163890233e-05
-4.971907026658624681e-05
-4.966056984199849382e-05
-4.071281487304762541e-05
-3.461839449008853755e-05
-3.759762953627366217e-05
-4.472823107354407737e-05
-4.131451433699827585e-05
-3.302190549254748034e-05
-2.857948588038674862e-05
-3.205825496814673775e-05
-3.906575160079094262e-05
-4.124964861926445642e-05
-3.457406726701127468e-05
-3.140538385871681406e-05
-3.526853208620860482e-05
-4.217271883026164697e-05
-4.011903100086693964e-05
-3.287920826201970529e-05
-2.865809845326826920e-05
-3.604142333705900056e-05
-9.496486316189858585e-05
-8.293572730164752715e-02
-1.047268643582758840e-01
-1.047143062098149363e-01
-1.046238091880391241e-01
-1.046197388923887917e-01
-1.045827286386677851e-01
-1.045246525321301689e-01
-1.044691015745216195e-01
-1.044207266576105270e-01
-1.043837807664822620e-01
-1.043552035041613174e-01
-1.043347107835472243e-01
-1.043184269360022398e-01
-1.043058327332856139e-01
-1.042976126842830309e-01
-1.042888422722303005e-01
-1.042836098416123486e-01
-1.042776369473119025e-01
-1.042744917397251253e-01
-1.042730280787635549e-01
-1.042715269194144090e-01
-1.042695389753291180e-01
-1.042679486760657998e-01
-1.042675859713630554e-01
-1.042664436702453734e-01
-1.042641891408135346e-01
-1.042634257865708847e-01
-1.042618727802428480e-01
-1.042611492986616206e-01
-1.042596891422994665e-01
-1.042587212814075348e-01
-1.042576168787029550e-01
-1.042573734939651886e-01
-1.042567217238621474e-01
-1.042552575407601489e-01
-1.042549319494881777e-01
-1.042539400361368884e-01
-1.042520320406237072e-01
-1.042517849586788170e-01
-1.042522182033790712e-01
-1.042497600808983543e-01
-1.042499353274332907e-01
-1.042496047347458987e-01
-1.042482558539842286e-01
-1.042466554809802770e-01
-1.042460449923522936e-01
-1.042429474538362627e-01
-1.042417985587369561e-01
-1.042393302940258504e-01
-1.047946802069552041e-01
-1.047950172111337674e-01
-1.046975814170960639e-01
-1.046716060643065049e-01
-1.045904019587305667e-01
-1.045047499307147909e-01
-1.044384832568678451e-01
-1.043898970549275995e-01
-1.043526073607169424e-01
-1.043270169671206421e-01
-1.043091353028409440e-01
-1.042951163775280160e-01
-1.042860045971846228e-01
-1.042835362687437317e-01
-1.042813660205094695e-01
-1.042801497610218731e-01
-1.042793426055488859e-01
-1.042791256637816272e-01
-1.042793739971596689e-01
-1.042772208524624517e-01
-1.042772831366916703e-01
-1.042761972405775450e-01
-1.042754258634826237e-01
-1.042753535074155136e-01
-1.042748675296393812e-01
-1.042732407590853949e-01
-1.042734352792331343e-01
-1.042713016447299468e-01
-1.042710833073908494e-01
-1.042694314716297727e-01
-1.042689263003289957e-01
-1.042686723680860267e-01
-1.042669574527936849e-01
-1.042665876636542505e-01
-1.042649445469576580e-01
-1.042636358592382018e-01
-1.042624556640781019e-01
-1.042619327196613460e-01
-1.042624562281176115e-01
-1.042621131389505906e-01
-1.042609392351581399e-01
-1.042609415448457755e-01
-1.042600667006464144e-01
-1.042594034669972330e-01
-1.042573867891815192e-01
-1.042554968352037981e-01
-1.042534243084167478e-01
-1.042518258928183117e-01
-1.047559307556312769e-01
-1.048778453579610331e-01
-1.047851325907231540e-01
-1.046922202867631990e-01
-1.045589020117549117e-01
-1.044531851266093658e-01
-1.043784051591016976e-01
-1.043338544698149822e-01
-1.043076749680720561e-01
-1.042942305880444620e-01
-1.042856992716064135e-01
-1.042845805802081333e-01
-1.042821974123888801e-01
-1.042820615224408221e-01
-1.042789236244883178e-01
-1.042787746300534168e-01
-1.042793726253092995e-01
-1.042779593518434744e-01
-1.042784063234144520e-01
-1.042785641166130428e-01
-1.042784064543632316e-01
-1.042774848875657884e-01
-1.042774270542150133e-01
-1.042774850554296362e-01
-1.042771427082311436e-01
-1.042773284256125893e-01
-1.042756290149908505e-01
-1.042752873928930180e-01
-1.042754300824510205e-01
-1.042746181447852943e-01
-1.042733243747771682e-01
-1.042730567347646686e-01
-1.042724279266661891e-01
-1.042724284863021517e-01
-1.042710802334414072e-01
-1.042699994891407855e-01
-1.042697132165169294e-01
-1.042684756813896663e-01
-1.042691014148665746e-01
-1.042678148148930561e-01
-1.042670490151356433e-01
-1.042669777958796923e-01
-1.042662904333166995e-01
-1.042652700274835365e-01
-1.042637893984494774e-01
-1.042643112229366398e-01
-1.042638649945544504e-01
-1.042624815090859719e-01
-1.046267040618042432e-01
-1.049514303336615134e-01
-1.048422346842899922e-01
-1.046480075083843497e-01
-1.044772300940073756e-01
-1.043548614512423978e-01
-1.043053838792345062e-01
-1.042924892898218076e-01
-1.042907477821855278e-01
-1.042890363933707404e-01
-1.042860893176469073e-01
-1.042846477614589457e-01
-1.042827986639350835e-01
-1.042814861671607640e-01
-1.042805314535181216e-01
-1.042790457647489039e-01
-1.042795838689953986e-01
-1.042792992214375963e-01
-1.042786804382012933e-01
-1.042786156130113689e-01
-1.042789688200554121e-01
-1.042786997160280588e-01
-1.042774336229138343e-01
-1.042776916594418402e-01
-1.042776528969045768e-01
-1.042773958482828695e-01
-1.042762558393571376e-01
-1.042754834261520880e-01
-1.042756479093312760e-01
-1.042755095012849464e-01
-1.042736782983082200e-01
-1.042738095247992131e-01
-1.042733914151497965e-01
-1.042729172061564874e-01
-1.042726343523010801e-01
-1.042712796045648649e-01
-1.042706191365975893e-01
-1.042707029059412316e-01
-1.042696465007191542e-01
-1.042697236564275043e-01
-1.042691058556588085e-01
-1.042673068167398048e-01
-1.042665525189356845e-01
-1.042669960691947062e-01
-1.042659281600943622e-01
-1.042666738921870090e-01
-1.042662226277723397e-01
-1.042655937436436364e-01
-1.044004990106395664e-01
-1.049608340137718199e-01
-1.047995589929476695e-01
-1.045109124401706335e-01
-1.043327817890606912e-01
-1.042907710836236679e-01
-1.042921009120138937e-01
-1.042971943810625524e-01
-1.042965921669020413e-01
-1.042902409142151959e-01
-1.042877160590251345e-01
-1.042871375734144290e-01
-1.042854762492289589e-01
-1.042835758922452533e-01
-1.042811779117079340e-01
-1.042807664746988466e-01
-1.042803403366815845e-01
-1.042800000281752237e-01
-1.042793065934544405e-01
-1.042787590977889978e-01
-1.042789327976479663e-01
-1.042792510036580078e-01
-1.042782231327443326e-01
-1.042776493644097940e-01
-1.042776132041054321e-01
-1.042773619628406256e-01
-1.042762232289191210e-01
-1.042759665555783449e-01
-1.042755936589612881e-01
-1.042754507185628954e-01
-1.042742375615126754e-01
-1.042737588006536070e-01
-1.042733726235687275e-01
-1.042728197811066543e-01
-1.042725825885651575e-01
-1.042713101930186903e-01
-1.042706807413874559e-01
-1.042702780869354667e-01
-1.042702925455445684e-01
-1.042695628983656003e-01
-1.042692214034363352e-01
-1.042670169903626154e-01
-1.042667013283978678e-01
-1.042666304574153269e-01
-1.042661652913162706e-01
-1.042667923221176352e-01
-1.042672035677545406e-01
-1.042657654642062670e-01
-1.040227698773303067e-01
-1.050399324391170786e-01
-1.045166189783332533e-01
-1.043249308976021139e-01
-1.042970224118669464e-01
-1.043198204397761258e-01
-1.043187945929297533e-01
-1.043182047616538766e-01
-1.043175183620069363e-01
-1.042961485801275068e-01
-1.042947045243822202e-01
-1.042932390000319010e-01
-1.042854795852773964e-01
-1.042843258860201849e-01
-1.042832778236681690e-01
-1.042808291651603492e-01
-1.042804220716145314e-01
-1.042808453073451325e-01
-1.042798032646365669e-01
-1.042787027535052313e-01
-1.042790415170547214e-01
-1.042791867641400805e-01
-1.042781745368117075e-01
-1.042775904365387529e-01
-1.042775611332208419e-01
-1.042777966157673875e-01
-1.042761907739065269e-01
-1.042759394820556296e-01
-1.042760979822234257e-01
-1.042754135607662780e-01
-1.042742011002388697e-01
-1.042737182868071349e-01
-1.042733113395105382e-01
-1.042733736531314542e-01
-1.042725109094206348e-01
-1.042712411460547245e-01
-1.042712843831311853e-01
-1.042701943268100617e-01
-1.042701814123145054e-01
-1.042694215187043028e-01
-1.042690578945654895e-01
-1.042674646765740926e-01
-1.042666381590364594e-01
-1.042670177531270503e-01
-1.042672550137119236e-01
-1.042671320366012067e-01
-1.042676098537483748e-01
-1.042663411928580197e-01
-1.032297751980178341e-01
-1.049336351057367916e-01
-1.042532128554979898e-01
-1.043787756535693168e-01
-1.043821752009433806e-01
-1.043829495469296154e-01
-1.043820875004629195e-01
-1.043805266347592187e-01
-1.043185762683340734e-01
-1.043162586418332621e-01
-1.043152169258709516e-01
-1.042939160396516157e-01
-1.042926562359458298e-01
-1.042905557179636539e-01
-1.042834739064381344e-01
-1.042830946411436310e-01
-1.042804998506081660e-01
-1.042810034616177273e-01
-1.042806953671464032e-01
-1.042787968566049328e-01
-1.042790610985037669e-01
-1.042793525631046658e-01
-1.042788000704402696e-01
-1.042779088271058030e-01
-1.042774676312165499e-01
-1.042777250547488738e-01
-1.042773537125549488e-01
-1.042758772527982436e-01
-1.042761010863762772e-01
-1.042753810557722483e-01
-1.042749305842511076e-01
-1.042742121977541792e-01
-1.042731687262149071e-01
-1.042732284808747800e-01
-1.042723651987554900e-01
-1.042711035590216523e-01
-1.042711355262767731e-01
-1.042704413165655430e-01
-1.042699308246918394e-01
-1.042697203255423255e-01
-1.042685306737093226e-01
-1.042671705998566289e-01
-1.042668952313488689e-01
-1.042676008066997506e-01
-1.042681302991543130e-01
-1.042683502830448611e-01
-1.042691505248385664e-01
-1.042679795842501589e-01
-1.021239171500932935e-01
-1.059187115023350056e-01
-1.059801344709205562e-01
-1.049554521469734658e-01
-1.049562775540981013e-01
-1.045555011902243037e-01
-1.045538326639448568e-01
-1.043828059495015698e-01
-1.043803662849370623e-01
-1.043783369071391715e-01
-1.043157796963824213e-01
-1.043134616054268993e-01
-1.042933429990249156e-01
-1.042905604694382704e-01
-1.042907329559280560e-01
-1.042839523150084907e-01
-1.042835755530470143e-01
-1.042811385617682662e-01
-1.042814779606607845e-01
-1.042804122473011408e-01
-1.042791780336714824e-01
-1.042795258877705911e-01
-1.042789259252493717e-01
-1.042779255364797292e-01
-1.042778948222535668e-01
-1.042774269870649778e-01
-1.042769010455904255e-01
-1.042756292300305726e-01
-1.042755708972109285e-01
-1.042754127029918987e-01
-1.042747713963451672e-01
-1.042737360610659636e-01
-1.042726908508583572e-01
-1.042729136027767678e-01
-1.042727585582725047e-01
-1.042713504608367425e-01
-1.042707620916649702e-01
-1.042697208594515756e-01
-1.042695028440086547e-01
-1.042693038664251753e-01
-1.042683379136373489e-01
-1.042685750444327514e-01
-1.042690706665882483e-01
-1.042694428133978668e-01
-1.042701775597196234e-01
-1.042706925349737856e-01
-1.042717317461114984e-01
-1.042717410401642619e-01
-9.899406733596960439e-02
-1.011419792816367347e-01
-1.053195915420076512e-01
-1.054246117708005220e-01
-1.058979709086728532e-01
-1.049569386444947489e-01
-1.049557632576610944e-01
-1.045524498403911373e-01
-1.045500289953104761e-01
-1.043781530854748368e-01
-1.043766385088012449e-01
-1.043139372222090799e-01
-1.043127046680835390e-01
-1.042907494025610282e-01
-1.042911352943777514e-01
-1.042845461847301536e-01
-1.042838991639676305e-01
-1.042836566337420473e-01
-1.042816785985802019e-01
-1.042805627321163331e-01
-1.042794312859702810e-01
-1.042795921845792173e-01
-1.042793714160793056e-01
-1.042781576509115016e-01
-1.042779800422934944e-01
-1.042775714808410470e-01
-1.042770295237562955e-01
-1.042766616413799835e-01
-1.042757332008229232e-01
-1.042758598056579833e-01
-1.042753695728885766e-01
-1.042738366001682154e-01
-1.042737005876760853e-01
-1.042730908722427213e-01
-1.042730408121224361e-01
-1.042722542927432827e-01
-1.042707467087938961e-01
-1.042708994360599661e-01
-1.042697256892511637e-01
-1.042701653420431418e-01
-1.042697523301888418e-01
-1.042700068052878348e-01
-1.042706117075418160e-01
-1.042712523006569247e-01
-1.042725740976116339e-01
-1.042737647558500680e-01
-1.042753829212808570e-01
-1.042741038904614892e-01
-9.208876116760686403e-02
-9.152369502426252468e-02
-9.321905746603559306e-02
-9.821136449710765604e-02
-1.049230512099059986e-01
-1.058468633277252491e-01
-1.049325137014097270e-01
-1.049574522632786000e-01
-1.045487540496486817e-01
-1.045480588606685773e-01
-1.043767102992351203e-01
-1.043762692968742689e-01
-1.043132825212977899e-01
-1.043119054936223616e-01
-1.042920101580679382e-01
-1.042919687005921803e-01
-1.042849537177391039e-01
-1.042844193152517862e-01
-1.042822957692631503e-01
-1.042813351439774439e-01
-1.042811652023104135e-01
-1.042801629156873688e-01
-1.042798191429155363e-01
-1.042786874960189986e-01
-1.042787154704243324e-01
-1.042785810133658175e-01
-1.042777481179543442e-01
-1.042774824965465724e-01
-1.042766237472938784e-01
-1.042766230177145370e-01
-1.042762130911114721e-01
-1.042750616189644097e-01
-1.042747136253593526e-01
-1.042742809422284866e-01
-1.042738397985203125e-01
-1.042733657308261702e-01
-1.042711107525064046e-01
-1.042715601534174308e-01
-1.042708580488045933e-01
-1.042712785278845922e-01
-1.042714799564020689e-01
-1.042717722465315577e-01
-1.042730122594950626e-01
-1.042743558591638919e-01
-1.042756219901534581e-01
-1.042782052510195095e-01
-1.042767957321924788e-01
-1.042691353972898111e-01
-7.896680719787374514e-02
-7.790450377588525877e-02
-8.010705440862861404e-02
-8.565983728747286752e-02
-9.351704888236742064e-02
-9.895861399869539110e-02
-1.018240490609226001e-01
-1.017059511050308063e-01
-1.015240251025897877e-01
-1.018054413454151513e-01
-1.028174615458013197e-01
-1.034852060671135471e-01
-1.042995552930768149e-01
-1.043066044349324206e-01
-1.043073824737691946e-01
-1.042979583913866415e-01
-1.042970507343958381e-01
-1.042973336020991820e-01
-1.042938460959207531e-01
-1.042936444605042645e-01
-1.042930959803805013e-01
-1.042931857440160814e-01
-1.042922693548640756e-01
-1.042920237086231994e-01
-1.042936728779432498e-01
-1.042939959986010634e-01
-1.042932474530580550e-01
-1.042911170299946899e-01
-1.042833866518358965e-01
-1.042894465947923621e-01
-1.040058287029890643e-01
-1.032004790363111324e-01
-1.027498161098593238e-01
-1.021287418172873440e-01
-1.019843596244849743e-01
-1.029221517490244708e-01
-1.025140133728121850e-01
-1.027242677551558209e-01
-1.038468797911173552e-01
-1.040114141293857347e-01
-1.038400391717951565e-01
-1.025264546565673174e-01
-1.027678488505326532e-01
-1.019485169346376896e-01
-1.012778659475423171e-01
-1.018563952316541843e-01
-1.028439751114891415e-01
-7.133800128084724634e-02
-6.129402662463038359e-02
-5.800975990695813461e-02
-5.843100862104277926e-02
-6.047270725735941904e-02
-6.322627205319061861e-02
-6.586219555613512244e-02
-6.737925528306809575e-02
-6.797715906704690503e-02
-6.834434010060673470e-02
-6.880466552584173223e-02
-6.982165590669280053e-02
-7.415464956653414208e-02
-7.962356701943298920e-02
-8.286234144945670010e-02
-8.261997913410672190e-02
-8.098509147327756508e-02
-8.230422302884737862e-02
-8.300192748213806870e-02
-8.099425676289569165e-02
-8.183929068222679792e-02
-8.193090815733619636e-02
-8.138156164744098087e-02
-8.178836267894537548e-02
-8.244994567071724234e-02
-7.981138390169570385e-02
-8.106753967793853266e-02
-8.099645040013260522e-02
-7.958950739696607490e-02
-8.111937714856042037e-02
-8.008478031373877926e-02
-7.743913850609422667e-02
-7.488414516636232587e-02
-7.216382709667382156e-02
-7.032411822320598638e-02
-6.923949367534257271e-02
-6.902392045980274005e-02
-6.933607265736631275e-02
-7.078866178182374735e-02
-7.422161661541490374e-02
-7.555765936120145687e-02
-7.457834694693646349e-02
-7.222535071635412252e-02
-7.098757200689556623e-02
-6.982457610085596178e-02
-6.965705982941128305e-02
-7.108520944499002736e-02
-7.837935319334435325e-02
-5.901730912340930058e-02
-2.953291725003591439e-02
-3.139137166465788553e-02
-3.148436508879940560e-02
-2.835373527202740898e-02
-2.649503361773013904e-02
-2.946072315452019641e-02
-3.395585789081692618e-02
-3.411764307555305298e-02
-3.005054033388523949e-02
-2.743703145350957079e-02
-3.054042242960059231e-02
-3.566337900162012270e-02
-3.668902470571334257e-02
-3.225719646678609775e-02
-2.924119120964014870e-02
-3.226424846052673018e-02
-3.719689972451565435e-02
-3.717637064033042782e-02
-3.222788876039067718e-02
-2.919677442465534040e-02
-3.202981734016212279e-02
-3.697469429825721993e-02
-3.700136640527591086e-02
-3.220722971995839540e-02
-2.900981656450113411e-02
-3.198439734167873860e-02
-3.671290257121008482e-02
-3.666687093269149766e-02
-3.195763772511087814e-02
-2.894492169821306221e-02
-3.146867498811929675e-02
-3.566120877994850835e-02
-3.513174785935472416e-02
-3.052415261599787308e-02
-2.759990377798632322e-02
-3.012334239854419851e-02
-3.450170417981113236e-02
-3.490387075958900631e-02
-3.088488498326886697e-02
-2.826727037144219010e-02
-3.108141041005304389e-02
-3.520691686202366555e-02
-3.479831436463681066e-02
-3.033147636213440537e-02
-2.752040415562615611e-02
-3.083395001365363264e-02
-5.041827252022748618e-02
