-1111.268680
-1946.397510
-4197.723690
-2104.231900
4426.084280
2138.421560
-350.843668
-654.769190
-1627.258830
-1575.015380
-859.404006
1258.200180
1194.137530
-246.023519
-399.131497
-840.618330
-721.681598
-325.916086
543.097496
457.004289
-93.083437
-194.569740
-363.241098
-239.475532
-368.909729
246.571425
205.445302
-5.144084
-66.755694
-23.157279
-132.652701
-77.672033
44.611998
39.478783
22.040199
53.241593
58.522291
81.794814
83.453986
64.809414
43.676455
43.942222
81.308433
103.396642
135.826504
185.050227
220.382422
204.335973
58.810922
89.891121
135.518621
170.132858
261.913755
389.547388
162.188214
315.174013
277.153185
154.659234
98.805033
55.016365
225.452486
271.289390
468.929623
365.648898
181.528245
120.657992
70.008378
691.680654
535.856245
675.365448
493.621906
302.308231
148.229825
78.636994
1044.348190
1327.278450
1155.285650
833.420057
383.615947
193.072515
110.712243
3721.986050
2176.362700
1634.061120
939.113960
598.101375
246.630452
145.436077
4825.926090
2702.055940
1591.534720
1231.268650
760.008107
348.044820
222.744234
1644.472610
1978.303360
1297.753190
1029.488410
780.211476
503.447766
392.374529
711.909664
1240.900460
1042.769450
862.987980
783.435431
663.830012
113.681931
142.393677
159.616016
176.412229
201.219230
213.840635
271.420215
234.333451
251.178402
280.734719
221.186190
297.477804
358.363772
327.267313
406.338064
-84.295360
271.122367
466.547665
463.152264
430.217415
611.133064
-130.040262
305.731257
694.964015
679.303374
566.785931
-436.239076
-310.438895
902.430111
856.209852
822.835781
706.924049
-939.814130
584.796620
1253.705940
1272.796200
823.165362
-562.985069
1810.817760
1831.302240
1068.469750
2764.113150
3226.022680
1502.908890
6100.356700
2441.604890
2857.150380
190.024268
462.239975
4.538504
743.827176
285.983885
-37.929813
828.426884
718.397936
165.101239
-23.791721
845.184774
989.334738
678.767164
111.997542
-23.908760
796.597614
1055.949600
1311.979460
517.098843
89.937732
-10.956053
-476.881057
1460.373920
1966.773550
1070.717530
324.059235
67.084744
11.079401
436.313787
3028.698150
1861.147090
849.147690
246.235394
75.845445
5740.618560
2864.988910
1499.004500
553.763355
157.692709
5195.749180
2133.870070
857.418954
365.500779
2616.420720
919.818092
555.072353
1333.078700
511.023728
572.441123
