-1.646405745444609181e+01
-1.312395859821170596e+01
-1.018609516091129308e+01
-7.676734747397451208e+00
-4.670544042496988624e+00
-1.268436489232165343e+00
1.950733777196834495e+00
2.426671055485272177e-01
3.392821836215336617e+00
1.888006755781308499e+00
-8.002678606895443636e-01
4.475102978161984879e+00
-2.341323924996893169e+01
-3.474807572233156350e+01
-3.496869303998019518e+01
-2.598072955511812054e+01
-1.924333356224619251e+01
-1.487677927139182543e+01
-8.796081178506540255e+00
-6.540082841578941597e+00
-1.411042103056407093e+01
-1.647093883076910004e+01
-8.740884848596254031e+00
5.676600395223623252e-01
-2.202224810510473674e+01
-1.892963380629325343e+01
-1.240131623386729665e+01
-1.295526355295588417e+01
-1.122416761010061848e+01
-9.538358550153530402e+00
6.974593923148422192e+00
1.429463437027473560e+01
2.149984239141236486e+01
2.684415685156794495e+01
2.251755501923661384e+01
2.502573020734748255e+01
-1.847164493046327749e+01
-1.163555303085917458e+01
-9.573842220397501990e+00
-5.074236485936780561e+00
-7.728493195326038290e-01
-5.569408551628995951e-01
2.309062993034803668e+00
6.465988325630309674e+00
1.147046309996694546e+01
1.810427738956884625e+01
1.201924864121092185e+01
1.738806332049624714e+01
2.760019359139001693e+01
2.699809412529996067e+01
2.514477935222343774e+01
2.228858675364522668e+01
4.054179388050390287e+01
6.188208252915352148e+01
6.108210411289837793e+01
4.627521770774395549e+01
4.089006440344093818e+01
5.408512666392875445e+01
9.578023626695699022e+01
1.291123176737688709e+02
3.770834826921359451e+01
6.258158667662537056e+01
2.077110582810027211e+02
2.244183852021742211e+02
6.346604115344562302e+01
1.955792571314991051e+02
3.566247342526288833e+01
1.065835449812975781e+02
1.337561039086426717e+02
1.000160854286199537e+04
-6.672259899063428534e+00
-6.672259899063428534e+00
-6.672259899063427646e+00
-6.672259899063428534e+00
-6.672259899063428534e+00
-6.672259899063426758e+00
-6.672259899063429422e+00
-6.672259899063429422e+00
-6.672259899063428534e+00
-6.672259899063428534e+00
-6.672259899063428534e+00
-6.672259899063428534e+00
-6.672259899063428534e+00
-6.672259899063428534e+00
-6.672259899063428534e+00
-6.672259899063428534e+00
-6.663878309431887637e+00
-6.707774865660489638e+00
-6.665507178705969871e+00
-6.672259899063428534e+00
-6.672259899063429422e+00
-6.672259899063428534e+00
-6.672259899063428534e+00
-6.672259899063428534e+00
-6.661074996594809505e+00
-6.672259899063428534e+00
-6.672259899063427646e+00
-6.672259899063428534e+00
-6.672259899063427646e+00
-6.672259899063432087e+00
-6.672259899063427646e+00
-6.672259899063428534e+00
-6.672259899063428534e+00
-6.672259899063427646e+00
-6.672259899063432087e+00
-6.672259899063428534e+00
-6.672259899063428534e+00
-6.672259899063426758e+00
-6.672259899063428534e+00
-6.672259899063428534e+00
-6.043501452803502261e+00
-1.001195441828969557e+01
-6.672259899063428534e+00
-6.672259899063428534e+00
-6.672259899063428534e+00
-6.672259899063428534e+00
-6.672259899063430311e+00
-6.672259899063428534e+00
-5.730899699235667555e+00
-6.672259899063428534e+00
-6.672259899063426758e+00
-6.672259899063429422e+00
-6.672259899063428534e+00
-6.672259899063428534e+00
-6.672259899063428534e+00
-6.672259899063428534e+00
-6.672259899063427646e+00
-6.672259899063428534e+00
-6.672259899063429422e+00
-6.672259899063428534e+00
-6.672259899063427646e+00
-6.672259899063427646e+00
-6.672259899063428534e+00
-6.672259899063430311e+00
-6.672259899063430311e+00
-6.672259899063428534e+00
-6.672259899063428534e+00
-6.672259899063428534e+00
-6.672259899063430311e+00
-6.672259899063429422e+00
-6.672259899063429422e+00
-6.672259899063428534e+00
-6.672259899063429422e+00
-6.672259899063428534e+00
-6.672259899063429422e+00
-6.672259899063428534e+00
-6.672259899063428534e+00
-6.672259899063428534e+00
-6.672259899063428534e+00
-6.672259899063429422e+00
-6.672259899063428534e+00
-6.672259899063428534e+00
-6.672259899063428534e+00
-6.672259899063427646e+00
-6.672259899063427646e+00
-6.672259899063428534e+00
-6.672259899063428534e+00
-6.672259899063428534e+00
-6.672259899063428534e+00
-6.672259899063428534e+00
-6.672259899063428534e+00
-6.672259899063428534e+00
-6.672259899063428534e+00
-6.672259899063429422e+00
-6.672259899063428534e+00
-6.672259899063429422e+00
-6.672259899063428534e+00
-6.672259899063428534e+00
-6.672259899063428534e+00
-6.672259899063427646e+00
-6.672259899063428534e+00
-6.672259899063427646e+00
-6.672259899063426758e+00
-6.672259899063428534e+00
-6.672259899063426758e+00
-6.672259899063428534e+00
-6.672259899063428534e+00
-6.672259899063428534e+00
-6.672259899063427646e+00
-6.672259899063431199e+00
-6.672259899063426758e+00
-6.672259899063426758e+00
-6.672259899063428534e+00
-6.672259899063426758e+00
-6.672259899063430311e+00
-6.672259899063428534e+00
-6.672259899063427646e+00
-6.672259899063428534e+00
-6.672259899063427646e+00
-6.672259899063428534e+00
-6.672259899063429422e+00
-6.672259899063428534e+00
-6.672259899063428534e+00
-6.672259899063428534e+00
-6.672259899063427646e+00
-6.672259899063428534e+00
-6.672259899063428534e+00
-6.672259899063428534e+00
-6.672259899063428534e+00
-6.672259899063428534e+00
-6.672259899063426758e+00
-6.672259899063430311e+00
-6.672259899063428534e+00
-6.672259899063426758e+00
-6.672259899063428534e+00
-6.672259899063428534e+00
-6.672259899063426758e+00
-6.672259899063429422e+00
-6.672259899063426758e+00
-6.672259899063428534e+00
-6.672259899063428534e+00
-6.672259899063428534e+00
-6.672259899063428534e+00
-6.672259899063429422e+00
-6.672259899063428534e+00
-6.672259899063428534e+00
-6.672259899063428534e+00
-6.672259899063426758e+00
-6.672259899063428534e+00
-6.672259899063428534e+00
-6.672259899063428534e+00
-6.672259899063428534e+00
-6.672259899063428534e+00
-6.672259899063428534e+00
-6.672259899063430311e+00
-6.672259899063428534e+00
-6.672259899063428534e+00
-6.672259899063428534e+00
-6.672259899063428534e+00
-6.672259899063428534e+00
-6.672259899063428534e+00
-6.672259899063428534e+00
-6.672259899063428534e+00
-6.672259899063428534e+00
-6.672259899063428534e+00
-6.672259899063430311e+00
-6.672259899063429422e+00
-6.672259899063428534e+00
-6.672259899063428534e+00
-6.672259899063428534e+00
-6.672259899063427646e+00
-6.672259899063428534e+00
-6.672259899063428534e+00
-6.672259899063429422e+00
-6.672259899063428534e+00
-6.672259899063428534e+00
-6.672259899063428534e+00
-6.672259899063428534e+00
-6.672259899063430311e+00
-6.672259899063428534e+00
-6.672259899063427646e+00
-6.672259899063427646e+00
-6.672259899063428534e+00
-6.672259899063429422e+00
-6.672259899063427646e+00
-6.672259899063428534e+00
-6.672259899063426758e+00
-6.672259899063426758e+00
-6.672259899063428534e+00
-6.672259899063427646e+00
-6.672259899063428534e+00
-6.672259899063428534e+00
-6.672259899063428534e+00
-6.672259899063428534e+00
-6.672259899063428534e+00
-6.672259899063429422e+00
-6.672259899063428534e+00
-6.672259899063427646e+00
-6.672259899063426758e+00
-6.672259899063429422e+00
-6.672259899063428534e+00
-6.672259899063428534e+00
-6.672259899063428534e+00
-6.672259899063428534e+00
-6.672259899063426758e+00
-6.672259899063428534e+00
-6.672259899063430311e+00
-6.672259899063429422e+00
-6.672259899063428534e+00
-6.672259899063429422e+00
-6.672259899063427646e+00
-6.672259899063429422e+00
-6.672259899063429422e+00
-6.672259899063427646e+00
-6.672259899063428534e+00
-6.672259899063428534e+00
-6.672259899063428534e+00
-6.672259899063428534e+00
-6.672259899063428534e+00
-6.672259899063428534e+00
-6.672259899063427646e+00
-6.672259899063428534e+00
-6.672259899063428534e+00
-6.672259899063429422e+00
-6.672259899063428534e+00
-6.672259899063428534e+00
-6.672259899063427646e+00
-6.672259899063428534e+00
-6.672259899063428534e+00
-6.672259899063429422e+00
-6.672259899063428534e+00
-6.672259899063428534e+00
-6.672259899063426758e+00
-6.672259899063430311e+00
-6.573148421229134009e+00
-6.672259899063427646e+00
-6.672259899063427646e+00
-6.672259899063428534e+00
-6.672259899063426758e+00
-6.672259899063428534e+00
-6.672259899063426758e+00
-6.672259899063428534e+00
-6.672259899063427646e+00
-6.672259899063428534e+00
-6.672259899063427646e+00
-6.396463291464398182e+00
-6.672259899063430311e+00
-6.672259899063426758e+00
-6.672259899063428534e+00
-6.672259899063426758e+00
-6.672259899063430311e+00
-6.672259899063428534e+00
-6.672259899063428534e+00
-6.672259899063429422e+00
-6.672259899063428534e+00
-6.672259899063427646e+00
-6.672259899063428534e+00
-6.672259899063428534e+00
-6.672259899063427646e+00
-6.672259899063428534e+00
-6.672259899063428534e+00
-6.672259899063426758e+00
-6.672259899063430311e+00
-6.672259899063428534e+00
-6.672259899063428534e+00
-6.672259899063428534e+00
-6.672259899063426758e+00
-6.672259899063430311e+00
-6.672259899063428534e+00
-6.672259899063428534e+00
-6.672259899063427646e+00
-6.672259899063428534e+00
-6.672259899063426758e+00
-6.672259899063429422e+00
-6.672259899063426758e+00
-6.567745103063064249e+00
-6.672259899063426758e+00
-6.672259899063427646e+00
-6.672259899063428534e+00
-6.672259899063428534e+00
-6.672259899063428534e+00
-6.568591652182833585e+00
-7.031070514670426874e+00
-6.600862545171546358e+00
-6.594017781896338803e+00
-6.614129081486304962e+00
-6.585407893084071596e+00
-6.672259899063428534e+00
-6.672259899063428534e+00
-6.558460873023697957e+00
-6.672259899063429422e+00
-6.672259899063428534e+00
-6.672259899063428534e+00
-6.672259899063428534e+00
-7.693531334923509490e+00
-6.542423871558421311e+00
-6.672259899063428534e+00
-6.672259899063430311e+00
-6.672259899063428534e+00
-6.672259899063427646e+00
-6.672259899063427646e+00
-6.418070373024507447e+00
-6.426538270293676192e+00
-6.672259899063428534e+00
-6.672259899063430311e+00
-6.672259899063429422e+00
-6.672259899063426758e+00
-6.672259899063428534e+00
-6.672259899063428534e+00
-6.672259899063429422e+00
-6.672259899063426758e+00
-6.672259899063426758e+00
-6.672259899063426758e+00
-6.672259899063429422e+00
-6.672259899063428534e+00
-6.672259899063430311e+00
-6.672259899063426758e+00
-6.672259899063427646e+00
-6.672259899063426758e+00
-6.672259899063430311e+00
-6.672259899063428534e+00
-6.672259899063430311e+00
-6.672259899063427646e+00
-6.672259899063427646e+00
-6.672259899063430311e+00
-6.672259899063428534e+00
-6.672259899063427646e+00
-6.672259899063428534e+00
-6.672259899063427646e+00
-6.672259899063427646e+00
-6.672259899063430311e+00
-6.672259899063428534e+00
-6.672259899063430311e+00
-6.591288485967857547e+00
-6.969867621658877077e+00
-6.590422044000978197e+00
-6.672259899063428534e+00
-6.672259899063430311e+00
-6.672259899063427646e+00
-6.672259899063429422e+00
-6.672259899063426758e+00
-6.588301744075023336e+00
-6.603953191468204587e+00
-6.388930664596269793e+00
-6.325169574578114684e+00
-7.802171473762212983e+00
-6.364900832991919444e+00
-6.672259899063428534e+00
-6.672259899063428534e+00
-6.672259899063428534e+00
-6.621320406910373713e+00
-6.868911862444170069e+00
-6.629187638441917940e+00
-6.672259899063429422e+00
-6.672259899063428534e+00
-6.672259899063428534e+00
-6.672259899063428534e+00
-6.672259899063426758e+00
-6.626715957337462548e+00
-6.672259899063430311e+00
-6.672259899063428534e+00
-6.672259899063430311e+00
-6.672259899063428534e+00
-6.672259899063427646e+00
-6.672259899063430311e+00
-6.672259899063428534e+00
-6.672259899063430311e+00
-6.672259899063428534e+00
-6.672259899063427646e+00
-6.672259899063427646e+00
-6.672259899063428534e+00
-6.672259899063428534e+00
-6.672259899063428534e+00
-6.672259899063428534e+00
-6.672259899063426758e+00
-6.672259899063430311e+00
-6.672259899063428534e+00
-6.672259899063428534e+00
-6.672259899063427646e+00
-6.672259899063428534e+00
-6.672259899063426758e+00
-6.672259899063428534e+00
-6.672259899063426758e+00
-6.672259899063428534e+00
-6.614793450330182623e+00
-6.672259899063428534e+00
-6.672259899063427646e+00
-6.672259899063428534e+00
-6.672259899063428534e+00
-6.672259899063428534e+00
-6.627258799283611168e+00
-6.909490873225237806e+00
