8.698601709351104494e-02
8.997664626552132061e-02
8.814150029496008176e-02
9.143414628630611163e-02
9.401945465239956723e-02
7.878919282848359518e-02
8.988375364357899244e-02
7.067579865533307748e-02
7.913225326128371651e-02
8.242153856330837469e-02
7.967772301299355653e-02
1.048697725805736031e-01
7.601833104731667290e-02
6.749803285138045172e-02
6.873541969418896225e-02
6.387565939912344393e-02
7.389660543128642733e-02
1.034756375627592234e-01
9.065893811716488337e-02
5.760239521587499217e-02
5.335538350376255873e-02
6.687415361617031484e-02
5.440498048658663072e-02
1.014900140765123832e-01
1.212925441121080750e-01
5.550151685490326003e-02
6.430596380629098607e-02
4.256313366723729619e-02
7.629294221212459814e-02
4.630697367116022589e-02
8.425617741230963242e-02
7.784366004875314937e-02
4.052573760553339344e-02
5.741040087688766697e-02
3.162793420576153619e-02
8.512309058939254713e-02
1.029536346219796367e-01
4.715262457781354416e-02
6.385916970099313195e-02
7.772841551802654736e-02
6.044048436843604821e-02
3.923903362673949319e-02
9.079757208039167249e-02
8.026843112288885307e-02
3.772001563525700235e-02
8.281842777744620465e-02
3.577864383269688947e-02
6.383195221531222374e-02
1.113245143019395700e-01
7.582368845271834912e-02
7.156338298656157726e-02
4.854592568540417458e-02
4.764252131469499246e-02
7.129261946975452846e-02
9.742367483606130529e-02
1.020652189170307284e-01
1.282731677863742092e-01
5.863756895320054729e-02
4.046109007237871924e-02
4.301102317318065277e-02
1.339818315924237446e-01
1.122792284261561885e-01
1.010693806604905653e-01
4.768867599728322804e-02
3.470654702594453550e-02
7.639577376737981262e-02
1.401789905632868372e-01
1.489874435013545384e-01
7.888902138056512470e-02
7.916327234655043399e-02
6.820718232812479631e-02
8.396857491970287357e-02
7.870614614983831303e-02
8.560547660770659317e-02
9.060151613702779883e-02
5.828986870739393672e-02
7.549594908167119034e-02
6.548949417641627968e-02
7.544461732496660078e-02
6.108575115289974905e-02
7.463527009417036950e-02
7.913429114437811607e-02
4.949352937889349435e-02
6.820585307102511319e-02
5.785281123203330628e-02
5.731088847883607923e-02
8.840627348407921471e-02
6.579095407469057188e-02
6.820684503326406023e-02
5.396263367300670188e-02
6.863303977284812563e-02
6.498416579397281456e-02
3.907420976377327937e-02
7.186274604221516704e-02
5.499704867892259152e-02
5.746899290738142346e-02
7.435619248974408013e-02
2.152323547669855036e-02
8.045384199691450744e-02
4.964610181989599635e-02
6.461503307466995305e-02
5.235294148781304696e-02
6.785468814367101587e-02
6.325367218517126411e-02
3.886495091418588205e-02
7.810141601329775862e-02
5.018731769481830224e-02
5.039266329374064018e-02
6.664068314273768889e-02
3.183730672641321702e-02
6.771854143628214251e-02
5.564541118158487787e-02
6.343816953297945482e-02
9.967962435224703155e-02
3.796545687479081777e-02
6.187445966981330869e-02
4.423994776250940453e-02
8.078694479970820186e-02
6.210107009469369166e-02
9.828720362196774474e-02
5.909307578350239676e-02
2.906201903358215238e-02
6.210121023240737503e-02
6.640073042522250113e-02
4.330219169499388565e-02
6.578851447428754606e-02
3.743358418389068631e-02
5.910603599531739222e-02
4.471080541494950461e-02
5.740697145782168442e-02
1.194098110305387012e-01
5.126542293160642194e-02
5.517656230980173826e-02
3.492949173934176837e-02
5.359882432761760296e-02
9.518690293428214155e-02
1.493260309531138086e-01
9.328746497755670275e-02
9.032354934795548684e-02
9.255516580536006510e-02
9.484161881979456810e-02
9.156173017421923022e-02
8.993388128355361832e-02
7.958636194528792562e-02
8.291378371604463116e-02
8.683704788835917843e-02
8.166730410642550342e-02
8.837310483187117705e-02
7.339316518771168973e-02
8.550709802161483852e-02
7.417533301008938373e-02
6.686207257003315418e-02
7.889595446329453199e-02
6.431836266056402407e-02
8.498498154849451480e-02
7.201388152632288986e-02
6.071348901448291036e-02
6.976315453577673631e-02
5.558176151365692985e-02
7.524381970080500082e-02
6.641092015267817394e-02
6.707480110021635245e-02
6.773079740522354453e-02
5.022075851386509360e-02
8.513369600411133109e-02
5.883374779380093345e-02
6.527589758453106183e-02
7.326046208183011055e-02
4.468590364961056577e-02
6.652225465921399183e-02
7.776002688432959165e-02
5.552468552072613306e-02
6.823423238836982818e-02
4.854989818644871863e-02
6.721326759817994323e-02
4.309969020048236288e-02
7.930008950454023320e-02
5.597957997246735123e-02
0.000000000000000000e+00
8.822428196140126577e-02
4.768824969168323352e-02
9.179267418700597092e-02
6.261901954457570196e-02
3.702941024196639008e-02
6.657485950786412587e-02
3.503564546607976921e-02
9.603716924028431190e-02
1.052378476353715009e-01
5.919185654055227758e-02
5.467925506458150287e-02
1.843016042297316789e-02
1.162390590772687943e-01
4.875714706242595398e-02
1.056494448500029937e-01
5.865173041856164282e-02
2.535397722522061623e-02
6.545120197640902360e-02
6.327862635963434068e-02
1.208807795946120200e-01
7.043622852323064287e-02
4.152123706887919652e-02
5.690256159889640203e-02
2.963948011740188612e-02
8.571693870865489118e-02
1.315793704856909885e-01
9.815279328929293889e-02
9.642651554749565035e-02
1.000802090848560422e-01
9.956532654550230566e-02
1.004227856902962929e-01
1.022919442721428179e-01
1.066089359023907196e-01
9.365356322356245544e-02
8.863386851291861490e-02
9.222439905620426204e-02
8.109418491117208194e-02
2.640150094404379311e-01
8.866319014810573884e-02
7.432906947321168967e-02
8.343011133810097901e-02
8.067578666728426884e-02
7.906957357600800929e-02
3.479188818560261520e-01
6.780273302267118829e-02
7.167802924989319369e-02
6.529848223499266913e-02
6.893732965229948384e-02
8.393806528744390816e-02
9.831994256588161285e-02
7.827831033156396057e-02
5.616831606848335379e-02
5.791742634325811045e-02
7.349570191093994509e-02
6.205231659930509486e-02
8.779874912881147075e-02
5.142931514897645245e-02
5.875023996132314186e-02
5.563983803358257124e-02
8.002327763343161648e-02
7.751389913206374604e-02
6.216584450743396772e-02
6.451148458339377167e-02
5.154481872925496116e-02
4.457341996010388135e-02
8.510983505653817172e-02
3.254920669651573117e-02
8.359802621451929705e-02
6.830309301965600821e-02
4.370029137090216537e-02
6.931498632630875290e-02
5.649150709890893990e-02
6.596526821773314453e-02
4.618538021703706697e-02
6.496098372029883439e-02
6.635371424392781659e-02
9.676376229817902630e-02
6.942027863330438309e-02
2.930065239962843099e-02
6.275524869275664330e-02
1.153034401014544352e-01
8.359776516862060802e-02
9.668635052545038189e-02
3.931005792730671994e-02
5.755210769677184673e-02
4.910478636762900112e-02
5.512113147296365118e-02
7.742717391707128194e-02
6.225732942080315635e-02
5.830601484622319891e-02
2.041993172709690926e-02
5.934909988906637152e-02
1.123801294167600245e-01
1.575988151070763787e-01
5.368970795112505690e-02
2.763174229233149662e-02
2.663326526717971904e-02
1.210639826804599389e-01
5.215095730971125443e-01
1.514527095770158149e-01
3.910377342826883845e-02
2.614091363865259782e-02
4.920100610118836870e-02
1.243711933654768620e-01
5.233215025190266489e-01
6.708104119461591464e-02
3.254772479807457181e-02
4.085169183927631065e-02
4.321353516829565949e-02
2.265336341431326839e-01
5.462824030510134987e-01
5.498909849739001821e-02
2.719655692279219703e-02
3.243422036465401503e-02
1.532600417597186071e-01
6.160233876137352071e-01
1.412281230756771422e-01
3.225088956963687026e-02
2.725154662445102363e-02
7.151988932739031246e-02
1.699220634638612670e-01
5.994932265202113086e-01
6.719803037711979954e-02
2.801979253290017013e-02
3.554130259947765880e-02
6.165143184001707632e-02
2.996644915682678545e-01
6.931763695520390955e-01
4.748560471048408893e-02
3.678664225761443807e-02
2.872045830339219757e-02
8.173745919097370749e-02
3.459282461058939551e-01
6.027659415145893984e-01
5.082047919764847571e-02
3.413071938028343355e-02
3.391967696429988837e-03
1.360700300901322435e-01
3.336704521422289016e-01
5.319143591953261474e-01
3.144429434005975577e-02
5.577653431439140441e-02
5.821953258614215310e-02
2.423738780201644960e-01
5.179655869575785498e-01
4.895453546343687262e-02
4.704150832099562862e-02
7.809201677977604603e-03
1.445872877729125205e-01
2.855364924936304449e-01
5.943989507035579711e-01
4.661337542120879557e-02
3.064018825467682353e-02
1.499783461942380373e-02
1.620716591481162483e-01
4.688397114130692378e-01
4.642374448904596496e-01
3.792666143065075851e-02
1.703384105332600429e-02
6.865256110881209906e-02
1.534222795418044571e-01
1.000000000000000000e+00
5.123802300124567083e-02
5.548000295167943019e-02
1.116831869386451619e-02
1.237827248485842552e-01
3.372121588866449637e-01
5.620528367370468681e-01
5.532119427794536526e-02
1.886571149918058604e-02
5.925865977332453460e-02
1.442684984183315589e-01
4.940861755535309596e-01
1.116910689433579795e-01
2.835178591491906153e-02
3.020090864404666522e-02
4.916620592878388069e-02
2.206831694088018381e-01
5.481923404438187042e-01
5.386223137602410421e-02
3.243427828098192911e-02
3.671585765909874538e-02
3.926202093183665809e-02
2.747275108150620260e-01
6.495380097375426098e-01
4.772169966386589912e-02
4.632751235989493455e-02
2.176090895494747768e-02
1.201367665161844067e-01
2.346798134765215593e-01
4.185027723132174748e-01
3.442310456329427532e-02
2.589417054213285357e-02
5.438405691662308999e-02
1.620506178484093784e-01
5.452997911595308667e-01
5.264804988401997066e-02
4.602869171250246333e-02
2.199734799531769328e-02
7.464280470471044981e-02
1.952694356167451184e-01
4.394675415606700275e-01
5.415990394608249242e-02
3.183893340967924174e-02
2.749921422158725301e-02
1.067700931938330849e-01
2.349408086544532148e-01
4.165031829388980422e-01
4.727628165811119387e-02
2.235224025971945319e-02
4.816268240554657382e-02
1.299434167124453587e-01
4.512898419681292683e-01
