1.8976
2.9623
4.0959
5.4107
6.4527
7.3399
7.9398
8.8146
9.7732
10.7934
11.0327
11.5433
1.7995
2.6954
3.8437
5.1134
6.0836
6.8479
7.7767
8.3991
9.7694
10.2339
10.5327
10.7623
1.9212
2.9309
4.7032
6.3973
7.6565
8.3843
10.1584
12.2966
13.5106
14.4177
14.7989
14.8098
1.6156
2.3163
3.4185
4.9161
6.2969
7.1724
8.1913
9.0614
10.0286
12.2425
10.6554
12.4283
15.1069
16.2235
15.8644
17.0720
20.4963
25.0033
24.2511
20.0568
19.3808
26.3727
42.1399
24.8521
21.5380
28.6282
45.4838
45.4949
26.7074
66.9483
20.9962
28.9466
30.0332
