1.7197
2.6484
3.7040
4.8712
5.8040
6.5954
7.1603
7.9382
8.8188
9.7239
9.9053
10.4711
1.6562
2.4678
3.4825
4.6158
5.4618
6.1461
6.8882
7.3779
8.7015
9.0899
9.4255
9.6391
1.7605
2.6444
4.0974
5.5729
6.5386
7.4333
8.9557
11.1291
12.1188
12.7985
13.1199
13.2688
1.4998
2.1327
3.1065
4.4575
5.7352
6.5115
7.4444
8.2285
9.1313
11.0808
9.7373
11.3128
13.5620
14.4568
14.4884
15.4025
18.3166
21.8390
21.0176
17.2980
17.5295
22.6601
33.6364
255.8446
17.8361
22.9393
39.1949
34.8745
22.0687
55.5920
18.3967
23.9320
24.3889
