1.8355
2.8601
4.0548
5.3525
6.3501
7.2253
7.8625
8.7241
9.6752
10.6980
10.8506
11.4043
1.7668
2.6567
3.8326
5.1000
6.0404
6.7896
7.6716
8.3041
9.5912
10.0337
10.3133
10.5179
1.9001
2.9004
4.6301
6.3844
7.4580
8.2074
9.9153
12.0223
13.0522
13.9130
14.2636
14.2952
1.6028
2.2997
3.3947
4.8876
6.2898
7.1533
8.2485
9.1309
10.0370
12.3164
10.6667
12.5321
15.0212
16.2774
15.7109
17.9373
77.0943
25.3073
24.0385
19.0378
20.5805
26.0781
40.6007
25.2800
20.0064
28.5664
48.2823
42.0964
25.3057
65.1217
20.8591
28.3687
28.4485
