2.2475
3.4810
4.9732
6.5499
7.8747
8.9568
9.7181
10.7820
12.0000
13.2448
13.5306
14.1997
2.2465
3.3738
4.8588
6.4594
7.6910
8.6472
9.7484
10.5757
12.2736
12.8439
13.1303
13.4371
2.4510
3.7712
6.0878
8.2730
9.6997
10.9819
13.3233
16.2059
17.9094
19.2111
19.6573
19.7548
2.0679
2.9793
4.4900
6.4836
8.4386
9.5908
10.9583
12.1503
13.4690
16.6157
14.2851
16.8050
19.4283
20.6716
20.0999
22.2088
5.8495
31.8576
31.2840
25.3629
25.6958
35.4602
58.7498
34.2218
27.1319
38.1030
94.2951
78.1031
36.1131
78.1963
29.3452
44.8215
46.8436
