2.2858
3.5676
5.0915
6.7360
8.0761
9.2048
10.0010
11.1334
12.4492
13.8841
14.3215
15.1560
2.3100
3.4337
5.0198
6.7007
7.9686
9.1008
10.2420
11.1136
13.3988
14.3458
14.5035
14.8608
2.5237
3.8897
6.1731
8.6064
10.1995
11.6153
14.5008
18.2751
21.7164
23.7928
23.7205
24.7968
2.1082
3.0360
4.5825
6.6370
8.6205
9.8226
11.2271
12.4841
13.8340
17.5150
14.6223
17.8355
22.8819
25.0853
24.7887
26.9240
33.7498
43.7843
45.2257
35.1013
33.0333
44.9868
87.3355
87.2771
34.0297
49.2830
147.0787
152.7228
61.0785
124.3505
37.4775
70.1286
82.6514
