2.2219
3.4423
4.8599
6.4012
7.6691
8.7196
9.4526
10.4905
11.6805
12.9211
13.2819
13.9951
2.2131
3.2989
4.7403
6.2844
7.4655
8.4108
9.4150
10.0724
11.9862
12.5064
12.9816
13.2930
2.3841
3.6075
5.6963
7.7811
9.1307
10.4641
12.6153
15.6016
17.4869
18.8101
19.3372
19.6380
2.0476
2.9402
4.4306
6.3992
8.2571
9.4197
10.7399
11.8965
13.1676
16.1206
14.0823
16.4355
19.2610
20.3090
20.1485
22.6524
25.9411
29.9308
29.0796
24.8000
25.4347
32.6636
49.1330
33.0231
27.4827
35.1243
68.2330
62.7758
34.6687
63.5296
28.0187
38.2578
40.8108
