2.2411
3.4660
4.9216
6.4773
7.7798
8.8451
9.5821
10.6258
11.8134
13.0188
13.2580
14.0176
2.2369
3.3493
4.8133
6.3903
7.6057
8.5618
9.5925
10.2748
12.1201
12.6547
13.0338
13.3339
2.4225
3.6865
5.8930
8.0587
9.4276
10.7730
13.0611
16.3314
17.8932
19.0007
19.3593
19.6377
2.0623
2.9660
4.4565
6.4394
8.3492
9.4937
10.8305
12.0090
13.2613
16.2025
14.0938
16.4659
19.1100
20.2730
19.9013
22.0213
25.9549
30.6383
29.7973
24.8822
25.4527
33.7022
52.2969
33.3204
26.4281
36.4620
82.3458
68.7147
35.2435
70.0490
28.5543
40.9362
42.5149
