2.2449
3.4984
4.9408
6.5210
7.8440
8.9193
9.7092
10.7731
11.9516
13.1755
13.4184
14.0414
2.2506
3.3705
4.8627
6.4674
7.7035
8.6652
9.7868
10.5491
12.3296
12.8907
13.1391
13.4357
2.4522
3.7765
6.1244
8.3272
9.8865
11.0583
13.4471
16.3387
18.0126
19.3343
19.8778
19.9427
2.0653
2.9864
4.4647
6.4483
8.3470
9.5257
10.9243
12.1106
13.3631
16.4338
14.1875
16.6477
19.2078
20.4693
19.8989
22.1345
26.6022
31.9024
31.2511
25.4337
25.5487
34.9802
58.5026
34.4227
26.9321
37.5453
83.0217
83.0501
36.5981
75.3766
29.1943
44.9151
47.5396
