1.5736
2.4135
3.3158
4.3550
5.1987
5.9031
6.4400
7.1417
7.9144
8.7595
9.0765
9.6116
1.5167
2.2376
3.1257
4.1299
4.9072
5.5244
6.1983
6.6383
7.9241
8.2813
8.6645
8.8719
1.5938
2.3747
3.5948
4.8720
5.6867
6.4674
7.9671
9.7540
11.1957
12.0506
12.8565
13.0642
1.4252
2.0199
2.9123
4.1777
5.3581
6.1012
6.9549
7.6764
8.5593
10.4199
9.1837
10.6831
13.4646
14.2652
14.9323
15.1235
17.9581
21.0052
20.4172
17.3095
16.9767
21.6146
32.1734
32.7663
17.6516
21.8404
35.0130
32.7107
23.0733
51.8931
18.4876
24.5562
24.8131
