2.2602
3.5160
4.9985
6.5912
7.9157
9.0038
9.7628
10.8285
12.0127
13.2622
13.5495
14.2409
2.2597
3.3947
4.8837
6.4951
7.6989
8.6512
9.7615
10.5561
12.2541
12.8054
13.0857
13.3568
2.4693
3.8068
6.1431
8.4908
9.9385
11.0871
13.4501
16.3781
18.0429
19.3729
19.7889
19.9149
2.0808
3.0108
4.5223
6.5375
8.4659
9.6479
11.0412
12.2475
13.5219
16.7315
14.3597
16.9931
19.4568
20.6822
20.1046
22.3881
3.0175
32.0846
31.6527
25.5111
25.9259
35.6946
60.5461
34.9783
27.3302
38.4052
93.5175
83.7412
37.1735
77.1242
29.5496
45.2312
48.0657
