1.8629
2.8917
4.0973
5.4042
6.4184
7.3059
7.8759
8.7564
9.7185
10.7734
11.0739
11.7391
1.7928
2.6907
3.8909
5.1707
6.0635
6.8180
7.6479
8.3018
9.6836
10.1451
10.3663
10.5982
1.9030
2.8962
4.6218
6.2671
7.3102
8.1833
9.8613
11.9460
13.0566
13.9142
14.2423
14.2646
1.6018
2.2864
3.4318
4.9367
6.3376
7.1859
8.2373
9.1154
10.0559
12.3163
10.6760
12.4849
15.1725
16.1685
15.7625
17.6037
73.3494
25.1732
24.2019
19.2987
22.1422
26.1910
40.9801
26.2689
19.9084
27.9347
49.2314
42.9116
25.2511
67.5159
20.5643
28.1590
28.6682
