1.7296
2.7057
3.8006
5.0369
5.9128
6.7457
7.3107
8.1503
9.0771
10.1466
10.4425
11.0582
1.6526
2.4426
3.4905
4.6475
5.4652
6.2328
6.9942
7.5880
9.0196
9.6737
9.8712
10.0952
1.7685
2.6764
4.1224
5.6932
6.7129
7.4945
9.2250
11.5027
13.2975
14.4097
14.3135
14.8656
1.5059
2.1531
3.1993
4.6190
5.9198
6.7405
7.6907
8.5412
9.4741
11.9308
10.0724
12.2274
16.3035
17.7501
17.2843
19.0224
24.1285
31.2796
30.4444
23.3666
23.0525
31.7484
59.6732
31.2060
23.5790
32.9087
70.8999
62.8729
32.8613
96.5763
24.4608
38.6363
40.1958
