-7957.661280
-2461.929090
11258.646300
4179.342680
1451.481210
646.403284
-1392.851440
-1980.878370
-807.771439
3297.414960
2891.481500
1356.590040
598.847246
-515.959323
-363.422331
156.618989
1415.236860
1507.323930
886.109844
460.207270
-12.354803
36.494241
344.231757
736.319929
691.809054
618.873201
334.269449
139.127748
134.921553
340.230456
508.187504
469.241630
410.798890
203.961979
132.179031
281.218578
308.687061
423.575115
454.903643
370.779601
204.573284
152.583957
259.963444
310.607682
363.002204
449.840664
465.161555
359.629518
167.352121
241.231129
324.570331
357.797968
471.335680
581.531862
904.238142
1270.534210
994.580881
493.182803
284.470910
146.586639
2096.047590
1783.023160
1763.745260
1142.783080
488.413733
305.991603
161.884376
7990.048200
3356.543720
2165.341270
1241.863910
637.798855
284.859013
142.922171
9510.533780
4304.214590
2344.647620
1232.706310
604.970404
288.864744
156.349087
1693.292460
2408.337830
1647.753810
998.601384
517.403700
228.588270
151.324060
337.888925
1036.755250
840.868304
773.065259
501.724449
224.649249
172.099518
231.211907
574.087670
576.517286
564.745498
461.877303
321.149051
288.432932
178.673391
434.923007
454.673166
432.665492
462.997730
475.457208
312.711150
435.098662
401.093973
622.228917
565.830694
468.174252
1133.222490
769.191449
596.987034
515.378224
1255.216590
1278.963690
945.343747
653.086634
624.107994
384.485530
1809.780660
1582.576550
1029.583820
680.855700
753.596604
1441.346480
2509.770670
1737.949150
971.873232
690.726349
191.191046
3528.710310
3078.839560
1469.247380
869.968234
678.503176
7236.037470
5746.674130
2350.113770
1183.112360
665.579108
12969.658700
3922.430480
1462.371040
767.313238
4497.981470
1916.166630
914.470346
1686.750180
1032.231830
827.710756
-72.000755
116.101601
-294.055219
258.617464
-144.435602
-300.713406
227.991424
90.066531
-226.813210
-207.365017
118.799681
151.491504
46.595712
-135.710088
-168.709984
-24.599721
-46.584039
304.707858
96.220108
-22.375849
-98.661195
-417.670695
-315.613881
143.504298
494.062369
297.628375
25.686010
-5.880657
-1121.222440
-476.422206
911.928566
889.583138
355.672925
153.339727
-2547.240850
980.204709
1987.119720
1104.482590
354.953179
-1745.294700
4146.034440
2123.438210
1003.392360
10391.229400
3718.595800
1786.534910
10066.758500
2297.477920
3429.692030
