2.274983262491515035e+01
1.075739208911447520e+01
1.022351589245848658e+01
1.202517942735340029e+01
1.225019397449302083e+01
1.427427562116037585e+01
5.282739738078205960e-01
1.845472611347735636e+01
1.229026941083359503e+01
1.163749957043094696e+01
9.695633542516468140e+00
1.486955416205426417e+01
1.277672657000866607e+01
9.305822564772732619e+00
1.502867095852803558e+01
1.031339804884062517e+01
1.216259787376266388e+01
1.317197898903213371e+01
1.393089998129574880e+01
1.553630469400371439e+01
8.045386343239329108e+00
1.346927119849180698e+01
1.329091179853622862e+01
1.345105533519976504e+01
1.496502009206571771e+01
1.693575432928871294e+01
1.720031401490273026e+01
8.790034276077609121e+00
1.763584284907711819e+01
1.472040292021014807e+01
1.577999749548009234e+01
1.701820181368462315e+01
1.938036969515380292e+01
2.517320518308967792e+01
1.136492101821288614e+01
1.543657293314653600e+01
1.689032619547393921e+01
1.784298932152602646e+01
2.140229435864623042e+01
2.422374911469335146e+01
3.618599965137755703e+01
1.538538914137116187e+01
1.548888400525024167e+01
1.828341042742242450e+01
2.381435155026189676e+01
2.487501421414107128e+01
3.097864855744453649e+01
4.794622675072921680e+01
1.293900669437754836e+01
1.960637507381170863e+01
2.186872947891098562e+01
2.400266096201074362e+01
2.611637545124399651e+01
3.804982925635567881e+01
1.631455592830488044e+01
1.338863169107075635e+01
1.213716416821328181e+01
1.486444509026506466e+01
1.318149012096696993e+01
1.653129918437301171e+01
1.487981346169488006e+01
1.460160115828323768e+01
1.352872184998904714e+01
1.246375109689275718e+01
1.660815699874784812e+01
1.631767595137166538e+01
1.387813285985938450e+01
8.068607368177467265e+00
1.209653368460026002e+01
1.209769977589998291e+01
1.403171457543601974e+01
1.505432557055708642e+01
1.670288459618787158e+01
2.006786018003043637e+01
9.091488656397281432e+00
1.012273210214980423e+01
1.454995644981397973e+01
1.489795040380779412e+01
1.692734766724876394e+01
1.867298439730786441e+01
2.593183752388628704e+01
2.965335340283613519e+01
1.113717872964111422e+01
1.724514841514578478e+01
1.780861553584803048e+01
2.099321256267554503e+01
3.048156980953552875e+01
2.710995725191345329e+01
3.521091737733694060e+01
1.924138451872312672e+01
2.308242655711153191e+01
2.163838729101510339e+01
2.745195967616624699e+01
3.969585305506333128e+01
2.962381544773716513e+01
2.906760549449494846e+01
1.920620785555948018e+01
2.928648494383651979e+01
2.517614598040549723e+01
3.351486807145471403e+01
4.465978820490094137e+01
3.830378978247295407e+01
2.556364654319560969e+01
2.400588548902560859e+01
3.067004916238297341e+01
3.302979395894782044e+01
4.299479665050981936e+01
5.454689053872068882e+01
2.065323414148577896e+01
1.975776903533008166e+01
2.392077863619525147e+01
1.848142548141257890e+01
2.239410591931451222e+01
2.898631342605043670e+01
1.463725933649829614e+01
2.251984078781570275e+01
2.474164760020554610e+01
3.369356787438027112e+01
1.532896198249824948e+01
1.902379875536914966e+01
2.233625218874093932e+01
3.025692836396894947e+01
3.544647441503855134e+01
1.792331890484476986e+01
1.813365298104903189e+01
1.984751342479885139e+01
2.457176454653964726e+01
3.653437801768192372e+01
4.687762158651354127e+01
1.971740830936458622e+01
1.749858036247589865e+01
2.158169365635345116e+01
2.976395444403715018e+01
4.543823788199662772e+01
2.035581815921466386e+01
1.576524645914075506e+01
1.974173746412621711e+01
2.454934306240273045e+01
3.594890815434027331e+01
6.516639456504191230e+01
1.394384422810740887e+01
1.577282588614784231e+01
2.263548813028075557e+01
2.893237568061040932e+01
4.919875978203818079e+01
1.480410562117634043e+01
1.722899552131710266e+01
2.786716885813755340e+01
3.533268087170590377e+01
1.636053250108702883e+01
2.273366603541906628e+01
3.262255459543833069e+01
2.117738188209516892e+01
2.520003206893385794e+01
2.443456038555582310e+01
-2.905651727701929943e+01
2.133416088641156705e+01
-1.864468077711031668e+01
2.321805184364456665e+01
-2.924209383921319017e+00
-1.322554145616633114e+01
2.394069438815668605e+01
4.414881392216146949e+00
-5.708334115210051962e+00
-1.076674391684332655e+01
4.786464772268395507e+01
3.691952405375957369e+00
-2.460683120447491490e+00
-6.625907358391090796e+00
-7.505786032097379490e+00
7.844887550784468644e+00
6.864585962738811276e+00
1.270098054517461605e+00
-2.917800617426943077e+00
-5.339309775308263895e+00
-7.738898354816557301e+00
-2.152218344003742345e-02
-1.472841190124697164e+00
5.447494266164980559e-01
1.149914525904224050e+00
3.856979276386768518e+00
-5.140517456466540125e-01
1.845547703308092480e-02
-5.762999298130484505e+00
-2.721693653249293021e+00
3.602334077455473960e+00
5.117926048249971771e+00
4.234070051320914629e+00
7.004518001998105703e+00
-5.470343612930733457e+00
-6.012034343989345331e+00
6.548829995391828973e+00
5.026849640466448221e+00
1.220885148904510054e+01
-5.916785868924897329e+00
-2.390693323952508109e+00
5.647839334278273782e+00
9.426312048712915725e+00
-8.011007873042963467e+00
4.920554300262004688e+00
1.123149148734089664e+01
-1.272365273847142930e+00
1.285363069653980261e+01
1.374891137533013818e+01
1.000045615513083976e+04
-2.665844720193044207e-22
-8.171889253645876164e-23
-3.861926891764502961e-22
-3.258114782130099503e-22
-3.875918360276282141e-22
-4.502371794588946280e-22
-3.471662920306637590e-22
-4.210737790167385898e-22
-2.937802952257315218e-23
-1.313822304821950443e-22
7.832319260242700720e-23
-4.736720218446853517e-23
2.725373204488377716e-22
1.190239831114722997e-22
-1.372923839915341450e-22
5.234975921170682465e-23
1.372072138670114903e-21
1.333979315592234770e-21
4.083264319903058483e-21
2.029074693809580098e-21
1.836145490057798745e-20
8.997696268464737969e-21
3.974846956293603741e-20
4.047267151117770260e-20
3.172918769395799322e-20
6.888126977149047934e-20
6.036814290322563242e-20
-7.450454436312064021e-20
-1.368467948157540713e-19
1.613936145491630201e-19
2.859843177043263896e-19
6.402570224872094274e-19
-3.034162587748415293e-19
-3.030535986464429077e-19
-5.106770576958556094e-22
1.813124912633855170e-22
-5.106183904223349737e-22
-6.537426221153783622e-22
-3.584284355854721760e-22
-4.956983741346182511e-22
-5.747474349612021340e-23
-2.820673344191798127e-22
5.463699877515335690e-23
-1.601422579553041988e-22
2.447143778983678420e-22
-7.687621853590183814e-23
2.058630965490722966e-22
1.092904237875430931e-22
1.144337172388993800e-21
8.462488836472074295e-22
2.067167516887460231e-21
2.527675615932229360e-21
1.105188589455821635e-20
3.705140745405814461e-21
4.983643014329095208e-20
1.865707957386239228e-20
6.815706782324881415e-20
4.363898096287557588e-20
-1.116566264406531263e-19
5.725710085087306087e-19
2.962663018155092927e-19
1.575972016679237145e-18
3.420166131222923360e-19
1.437751868700541578e-18
-6.573263034293259455e-19
-6.561276115756101142e-19
-6.313500027664128165e-23
6.241432330035300449e-22
-1.345732171074619489e-21
-1.281213069446340938e-21
-3.525741424415748626e-22
-6.791196148394002450e-22
-1.447973958700337376e-22
-3.902714970098637648e-22
6.445033296775540049e-23
-2.665032524528024005e-22
1.379030381945557176e-22
-2.775925334047100131e-22
4.308810202218127733e-22
-4.831419133666186765e-23
9.428215564087366329e-22
6.015120036648518530e-23
2.825763904674015731e-21
9.166403981268197724e-22
3.244632646361045333e-21
8.642286978303170460e-22
2.600382472301479418e-20
3.331530174413268421e-20
7.481833153230413568e-20
1.459480312004963104e-18
5.970890953691038470e-19
1.567044290809148767e-17
8.917443817298534103e-19
6.529057055122189991e-18
1.580461538368137252e-19
5.659745689946645889e-18
-1.751862867153859356e-18
-1.750205171080675126e-18
-5.745486207123012541e-22
5.153747179153221216e-22
-4.628969015608679491e-22
-6.696478788350998812e-22
-7.436387164676787956e-22
-6.975383939473009991e-22
-6.372602461203838230e-23
-2.384083089192456664e-22
-2.102915131297237337e-23
-2.517662804807121522e-22
5.336105201584778786e-23
-2.410023040319982624e-22
3.671813802626038631e-22
-2.665805333433085781e-22
5.393464119249598262e-22
-2.415223066914305456e-22
1.799310754169071220e-21
-4.663641742709032825e-22
2.773352204377513004e-21
-1.250055475455143130e-21
3.569570569266341250e-20
-6.151362258992219106e-21
1.452168834983845214e-18
4.858411753990692361e+00
1.428578092761882870e-17
1.202120901236603601e+01
-8.544296757600193827e-18
5.958922285099694453e-17
2.243301655430930736e-20
4.627918091107891263e-18
-7.251904707190507289e-18
-7.247880822364727954e-18
-1.142321355268908429e-21
1.830210730493859744e-21
-1.759571217462723257e-21
-4.648718405289942103e-22
-1.441002342653289053e-21
-1.340002596050206340e-21
-2.845086314396234629e-22
-4.030577283557991805e-22
-7.708399617350486803e-23
-1.626712232538532826e-22
-1.026517486425848360e-23
-6.308064003247765209e-23
2.778282270453747212e-23
2.983890335937362734e-23
3.922396069144818956e-22
-1.133097057100888200e-22
3.145045443454870893e-22
-7.570009193393628176e-22
1.015619452984831372e-21
-1.108024912381937651e-21
-2.127954579159562972e-21
-2.105634470516590407e-21
4.858411753990692361e+00
1.907401499041076929e-12
7.162797258375343645e+00
-4.651842411073386252e+00
-1.202120901236603601e+01
-1.202120901236603601e+01
-6.350560151748924710e-17
-6.980262681279761810e-17
-1.185336589691830991e-17
-1.183683407552884067e-17
-2.193674095285474621e-21
3.315601351047930548e-21
-3.437403926291762382e-21
6.613203260048094150e-21
-2.634701972983935387e-21
-1.771033765121601645e-21
-1.115716791139849700e-21
-1.260284884769961823e-21
-4.412212633767756501e-23
-9.020256598342150790e-23
2.250658704787076244e-23
1.177738307556164966e-22
8.265436852759279583e-23
1.304007033201602244e-22
-1.153657863649249752e-22
-2.383990471173282833e-22
-2.514516067147921020e-22
-2.923586314464247588e-22
-3.651944869708774457e-23
-4.056615174213132909e-23
1.800989485017861640e-23
2.448419214709325419e-18
1.907401499018757189e-12
6.665377522498726583e-17
2.065693429153988570e-01
-1.905898627806621194e-12
-2.065693429173061368e-01
-2.065693429173062479e-01
-9.603745613028655441e-17
-1.010369507764573670e-16
-5.539808780220469669e-18
-5.495227284697634794e-18
-1.321622003842130869e-20
1.108683792109762549e-20
1.103927813714688981e-21
9.036848630808166261e-21
-1.182164095146145818e-20
-1.124787558900861392e-20
-2.123953092632295564e-21
-1.937133268654873124e-21
-3.309301765870855373e-22
-1.214647782249427929e-22
1.638542704013604395e-22
3.159881539978970141e-22
3.513345961241449017e-23
3.423657236205529279e-22
-2.861453819098957119e-22
5.986509974079422920e-22
-1.693253706940214272e-22
7.664699746959403686e-22
3.408729895013124639e-25
2.152967915250217484e-20
2.448423261412370424e-18
4.234332010611402961e-18
6.420537402017278729e-17
-1.646233033218523480e-18
1.436217436910622654e-15
-6.640839155624282633e-17
-1.500915957777558618e-15
-1.502864205152174386e-15
-1.388378455577097677e-18
-1.953986751348193794e-18
-4.957326385268221674e-19
-4.501628214877463937e-19
-3.349465760173724869e-20
8.858061320665434124e-20
-1.526620932871076792e-20
9.283375619598480637e-20
-1.918079640610209120e-20
-1.387175731873013816e-20
-2.510898631107717385e-21
-2.052116934316946014e-21
-3.082846022023652326e-22
-1.813080312525982034e-22
2.127431620525074145e-23
2.423568604193972407e-23
1.902318400240163534e-22
2.873019750879472859e-22
2.914187333998038542e-22
9.353897295310860150e-22
-1.183264046218976353e-22
2.871618143055752703e-21
2.059388380711221307e-20
1.959252909291600718e-20
4.212802672331890146e-18
4.326889501340961262e-19
-3.432141782417556017e-18
-4.205163996139560115e-18
-5.567845028515155565e-19
-7.953989745860941783e-19
-2.383766853088717530e-19
-2.439439890802044768e-19
-5.739376732460011198e-21
-6.192772526525665408e-21
1.154454742833497234e-19
4.456700066655440384e-19
4.301079616757856757e-20
3.671557720887989623e-19
-2.924151461240678356e-20
1.144129112017440845e-18
-1.219717228434257125e-19
-1.070791512838288322e-19
-7.361156021688899048e-21
-4.795250292724185312e-21
-6.400897280433695744e-22
-6.026747089212118609e-22
-1.027408849078273052e-22
-2.457049066210363097e-22
2.781459150060098278e-22
-1.498829548542231009e-22
8.383195944671550826e-22
-3.755009868070551096e-22
2.227647146924470542e-21
-9.742416235861044182e-22
1.660258454523835684e-20
-1.567472388432855751e-21
4.336903048482923321e-19
-1.343061089370729084e-20
-4.250502739417660950e-19
-4.532710562612786027e-19
-2.237676086409008051e-20
-2.895641323513928220e-20
-5.329517345625854984e-21
-6.625384468877388161e-21
-6.254687551929416338e-22
-1.388998383136937408e-21
4.461234024596096926e-19
1.118653494576679538e-18
3.693123970660464742e-20
1.580958018554504607e-18
8.199841360962204502e-19
2.523040467873535487e-18
-1.280449777913676461e-18
-1.211196725205771840e-18
-1.968782185232106560e-20
-1.697677945102582371e-20
-3.168580437885925597e-21
-3.135550049943431259e-21
-2.831199257431940232e-22
-3.566962894235638038e-22
-6.918933141014096347e-24
-1.188963517123910457e-22
1.113026327813963900e-22
-1.041056578167282857e-22
2.395789576881057740e-22
-3.344649580431633517e-22
1.634416382077719209e-21
-4.664381276094665083e-22
4.739446039963921746e-21
-2.086363503122562634e-21
-6.150140519278979740e-21
-7.076492339725021243e-21
-7.356309156267744855e-22
-9.414627574287817629e-22
-4.573209782818646587e-23
-2.015683704103642405e-22
-9.313125988540423109e-23
-1.585062995670550029e-22
1.119417024204623558e-18
3.503174782370364491e-18
9.084279264374347616e-19
6.760335384209649490e-18
9.790136890256355274e-19
1.032205333659752977e+00
-2.914253056983086877e-18
-2.353937532797099016e-18
-8.622983215893044445e-20
-7.376183121626712945e-20
-5.846592451238673154e-21
-6.036540398365160541e-21
-3.897266773660581418e-22
-4.408305825990258943e-22
-4.531998803202126512e-23
-1.160477004020008757e-22
7.871760754648663592e-24
-4.341704593207974941e-23
-8.778703708470612008e-24
-9.611568196783071484e-23
1.076057881218026174e-22
-1.127085284088778818e-22
1.449100656462308329e-23
-1.763874540911626583e-22
-2.506827966385368628e-22
-2.695629415940722558e-22
-1.511093698274026023e-23
-2.046725988662872154e-23
4.263471391643036852e-24
-4.588173186777991415e-24
-2.670026984877228258e-24
-8.271916162777809765e-24
3.503240157410045829e-18
7.354962483831004960e-18
4.376577626043908556e-18
6.793826372929140785e-17
1.032205333659752977e+00
1.734362738586820619e-13
-1.032205333659752977e+00
-1.032205333659752977e+00
-6.340773554022549902e-19
-5.815607078806520091e-19
-1.850454134102847554e-20
-1.841017892095716683e-20
-2.508826354725385070e-22
-2.646800323102196184e-22
-6.494379516903312311e-23
-7.987033923981453833e-23
2.731066643789986112e-23
5.415219911787599640e-23
-4.482687528110230184e-23
-5.320180556552381245e-23
-4.396614809748290961e-23
-6.518212748824742704e-23
4.392686243951784090e-23
-3.401340487950100586e-23
-7.868448093828651417e-23
-8.026123480734332775e-23
-1.587114931093328574e-24
-1.933970319521442218e-24
7.681497171104698967e-25
-1.248599012368795931e-25
5.797284156432185019e-25
-6.242329484529323733e-25
7.354968085720182038e-18
5.070747063674617114e-18
6.408654140287044948e-17
2.377413510258587293e-17
1.733727121725788239e-13
5.676344529769700387e+00
-1.734270102461801834e-13
1.206400415121355651e+00
-1.707200451131228836e-17
-1.559731380489642367e-17
-7.092682644256014794e-20
-7.030163496194129648e-20
-3.590424523815283322e-22
-4.236318556840842283e-22
-6.607294240213342688e-23
-1.081773215201429031e-22
6.907874318865741162e-23
5.221718691639044297e-23
-8.004333824549994773e-23
-9.210030125592488115e-23
-5.680719720382591643e-23
-6.821330771502317932e-23
-8.190978910710325988e-24
-1.316179406613505678e-23
-2.320967488324480992e-24
-2.831010120723134649e-24
-3.572164504646286343e-25
-5.865363367193589082e-25
2.219954871912340504e-25
-6.028209910966675326e-26
2.687766698944171166e-25
-2.230516749309987260e-25
5.070748267635981866e-18
2.325578362045693813e-18
2.605835612463143786e-17
-3.676777728706041885e-18
5.676344529769700387e+00
-2.418320912858849328e-17
-4.469944114648171762e+00
-5.676344529769700387e+00
-1.206400415121529068e+00
-1.206400415121529068e+00
-1.544992341377805986e-18
-1.545794248643837176e-18
-1.048823336302935687e-21
-1.085355503114036684e-21
-4.358791821758700705e-23
-6.774109566405042407e-23
9.432156603439991923e-23
-3.126811461532388243e-23
-7.523874498365791251e-23
-1.323798125236731746e-22
-5.615634470459824590e-23
-5.843554943867780350e-23
-1.755683554937793881e-24
-2.246372216261213556e-24
5.893307657595828228e-26
-4.340067448558486139e-25
-7.649370432070525065e-26
-1.390789809164451884e-25
1.690377871450635207e-25
2.194606341895784889e-26
5.922591136990207769e-26
-9.302482989062635146e-26
2.325578853874038682e-18
7.477072681903468885e-19
-9.316078231157542182e-19
-1.440322466347411555e-18
5.551924724748986466e-18
-9.270758189014496902e-19
1.467946754010901262e-16
-6.734737418901497707e-18
-1.529882720042364814e-16
-1.537297777327167290e-16
-7.519696228803768966e-19
-7.520864620692592305e-19
-2.834482370828467088e-22
-2.897574349638677223e-22
-3.120892885294942676e-23
-3.549177576126956448e-23
-7.114937168860465417e-24
-1.200042948157337930e-23
-6.790131873949372931e-24
-7.678279508191667704e-24
-1.294481898662541418e-24
-1.241152356994529230e-24
3.283251781834404986e-26
1.930624416964391613e-26
5.668191646757106109e-26
5.420185200570584283e-27
-3.687048810411924001e-26
-5.014880069752436287e-26
8.453134001469778664e-26
3.939176007411037281e-26
5.406689383547932033e-26
-7.069187259294281348e-27
7.477074204410881381e-19
4.102705365233217434e-19
1.375491193362802391e-19
-4.889808797971619202e-19
-4.183611756697923539e-19
-8.063365199538729747e-19
-2.557368752510615512e-19
-4.576759215440879309e-19
-2.003649127251112399e-19
-2.081046088969013847e-19
-1.058073358900555977e-20
-1.050539307191686873e-20
-1.729182460815337582e-22
-1.510488446592184242e-22
-2.918257788024855090e-23
-2.809949383795837167e-23
-7.717582573253241584e-24
-8.463559158078684670e-24
-2.792787195478753817e-24
-2.630770200100297099e-24
-3.530047227522344576e-25
-2.222369780493809630e-25
-3.402329749836827184e-26
2.898496850379436836e-26
1.894645884927071801e-26
4.221998646829083860e-26
1.112930569476113938e-27
1.507242200178902847e-26
-6.705814113871413054e-27
1.724664948085172632e-26
3.807039268129313248e-26
1.692672357054061745e-26
4.102705976594028263e-19
2.799477010976400793e-19
-1.515439958793954774e-19
-2.412285880110178181e-19
-1.798065208204308154e-19
-2.144866526591971318e-19
-6.970057726000731015e-20
-6.872685750249971123e-20
-6.165562603875004940e-21
-7.679327955461225141e-21
-2.765696900126724011e-21
-2.789594447812395825e-21
-2.263893617479094672e-22
-2.384112926638045959e-22
-4.996889526027370568e-23
-5.108055874801678296e-23
-9.546643200368863898e-24
-9.151229515194686143e-24
-1.884793615274854013e-24
-1.700705812589050242e-24
-3.842539734278376803e-25
-2.616035600430708754e-25
-1.017827761990591263e-25
-5.460461990120435818e-26
-2.078827953387180160e-26
-7.277286063357357033e-27
-8.201105617231092116e-27
1.885412458498220115e-27
3.287158048538811787e-27
1.021992732878810367e-26
1.757605773733668113e-26
1.643129976846283019e-26
2.799477222413091994e-19
-1.109056914492550711e-19
-1.248020605275747911e-19
-3.404672566373339482e-20
-8.653047712968824059e-21
-1.275829096226175624e-21
-2.145137449781327820e-22
-3.905862783212165422e-23
-8.039566027451608867e-24
-2.096119497763227997e-24
-4.456913627288746465e-25
-1.772550332859711632e-25
-5.445544236121212518e-26
-1.162558101201622445e-26
1.334092530587914376e-28
9.498530488213538303e-27
1.213875579794503041e-26
