-8462.183330
-1051.553590
10935.943700
4143.699720
1434.917920
638.717932
-1423.979300
-1844.191060
-473.955585
3173.862430
2832.901510
1331.699610
589.377066
-497.130559
-306.384626
241.952367
1423.899490
1490.504600
880.157746
446.999925
3.494482
62.179522
376.244619
748.681142
700.430189
616.415556
332.944622
145.387389
143.800829
351.252710
518.983845
475.743620
412.756875
204.318922
135.909051
287.502678
314.385669
428.930894
460.077238
374.001045
206.731430
155.759196
264.849302
315.728378
367.607142
455.099538
469.743035
362.450963
170.486048
244.883950
329.105959
361.906202
475.550720
585.722115
941.972971
1304.116430
1019.223950
503.825465
289.678183
148.908862
2258.408070
1869.661030
1799.823230
1161.209480
493.723164
309.174285
163.390703
8777.791560
3394.699700
2162.641460
1242.246350
638.076857
286.754259
143.572062
9356.532400
4107.657920
2296.992380
1217.239630
602.652533
288.432347
156.498140
1645.977680
2349.756200
1616.534630
986.106870
511.191319
226.730804
150.831155
332.029441
1015.643640
825.526500
760.435418
495.576405
221.671374
171.183775
227.033041
566.783681
563.015126
556.346216
456.082214
317.619985
286.844121
176.149157
427.168361
448.713171
427.591729
458.843974
473.227048
319.607436
445.792639
408.614033
640.339518
574.557397
472.696444
1165.397440
782.322154
602.744972
518.649875
1308.381530
1305.670970
953.237735
656.156853
626.528960
450.295944
1864.350610
1594.614560
1031.212560
682.381780
756.320452
1567.654840
2541.008360
1736.250720
971.505781
691.430765
424.803236
3642.192440
3055.050290
1467.387950
871.933037
681.959331
8357.078290
5553.686140
2326.928320
1177.248700
663.989351
12604.168500
3847.974820
1444.946030
762.010454
4470.692140
1894.754470
901.011008
1661.350240
1015.891820
815.389304
-75.218547
110.919471
-298.624810
252.226576
-151.926443
-304.577207
223.209984
82.354990
-233.789179
-211.095651
115.595046
143.228999
35.152883
-141.194326
-172.433210
-21.521717
-53.152904
283.835191
82.046888
-27.724298
-101.398948
-411.154822
-311.908358
123.393814
466.368010
287.128838
21.890742
-6.993964
-1100.393300
-478.800058
866.118767
865.504252
351.081217
153.881188
-2497.833360
920.998040
1917.484400
1101.492710
359.161759
-1564.115810
3868.648620
2107.054980
1018.094880
9855.677180
3706.785430
1802.149770
10658.698100
2368.421680
3674.042330
