-3191.523780
-6177.464120
-2260.041010
9281.076950
2804.937680
1146.520910
-776.576142
-1384.010500
-2890.934630
-87.412053
2679.493140
1960.408630
932.440815
-428.566015
-587.070597
-909.052364
175.533678
975.310595
1002.314030
558.088701
-106.756413
-191.948197
-190.378960
201.099460
228.572820
552.938746
333.492530
34.242328
-17.076761
112.351039
147.923478
212.237610
266.354555
146.688450
61.250847
141.030545
162.999030
239.529187
268.221632
225.049186
132.361727
87.858715
156.815220
194.860577
241.732363
313.819102
343.650019
284.895892
105.128896
155.915540
221.088677
258.078457
363.129453
484.777929
396.403733
673.451746
560.534462
294.648824
178.166058
94.982810
682.040873
738.305495
994.724205
702.363365
320.399337
204.556275
112.198159
2456.970780
1523.376250
1389.124940
876.227421
479.768138
220.096820
111.386923
5672.887570
3514.396190
2113.975060
1180.052470
530.728305
252.345923
137.838254
8027.716280
3814.034770
2146.479250
1131.528590
623.856704
254.959872
154.288015
1421.361590
2075.673790
1387.716930
1109.258430
677.906157
299.468853
202.953637
559.791728
1117.768730
938.617471
823.260650
636.401592
418.383328
343.993997
340.870016
742.640486
714.108286
636.283984
622.152166
570.734617
199.749632
265.388514
267.659568
355.112017
360.331883
331.717782
593.238341
460.535098
414.284482
394.883655
563.680647
682.186480
641.454006
493.360426
516.518807
-32.868733
798.458768
986.921962
769.034197
567.879681
686.833817
145.547557
1191.258320
1324.849310
889.471414
642.791170
-692.521085
598.518074
2318.357220
1343.090110
905.314321
704.638118
-470.027905
3690.646550
2375.825770
1381.087640
768.118461
5521.074920
4791.025780
1942.955400
969.269884
10740.474000
3075.142740
1275.462630
3382.356360
1674.813190
1492.035430
59.016359
285.659707
-140.605565
489.314616
74.706159
-159.768448
489.820963
411.999665
-13.752142
-103.953163
380.680568
557.169503
410.609678
12.712836
-83.198518
184.292621
386.081737
899.173608
383.106154
57.501587
-44.340624
-592.890561
112.405036
1161.804870
980.088073
367.721213
63.654676
7.025053
-1407.461700
1094.417760
1940.953990
1069.713590
339.216409
116.681718
-1312.451070
3636.962030
2309.148680
896.305605
259.992143
8136.999610
4441.182140
1585.103160
668.976013
8567.283090
2116.442140
1102.491660
3840.752560
1168.175200
1453.404680
