0.01    0.02  
0.01    0.05  
0.01    0.08  
0.01    0.11  
0.01    0.14  
0.01    0.17  
0.01    0.2   
0.01    0.23  
0.01    0.26  
0.01    0.29  
0.01    0.32  
0.01    0.35  
0.01    0.38  
0.01    0.41  
0.01    0.44  
0.01    0.47  
0.01    0.5   
0.04    0.02  
0.04    0.05  
0.04    0.08  
0.04    0.11  
0.04    0.14  
0.04    0.17  
0.04    0.2   
0.04    0.23  
0.04    0.26  
0.04    0.29  
0.04    0.32  
0.04    0.35  
0.04    0.38  
0.04    0.41  
0.04    0.44  
0.04    0.47  
0.04    0.5   
0.07    0.02  
0.07    0.05  
0.07    0.08  
0.07    0.11  
0.07    0.14  
0.07    0.17  
0.07    0.2   
0.07    0.23  
0.07    0.26  
0.07    0.29  
0.07    0.32  
0.07    0.35  
0.07    0.38  
0.07    0.41  
0.07    0.44  
0.07    0.47  
0.07    0.5   
0.1    0.02   
0.1    0.05   
0.1    0.08   
0.1    0.11   
0.1    0.14   
0.1    0.17   
0.1    0.2    
0.1    0.23   
0.1    0.26   
0.1    0.29   
0.1    0.32   
0.1    0.35   
0.1    0.38   
0.1    0.41   
0.1    0.44   
0.1    0.47   
0.1    0.5    
0.13    0.02  
0.13    0.05  
0.13    0.08  
0.13    0.11  
0.13    0.14  
0.13    0.17  
0.13    0.2   
0.13    0.23  
0.13    0.26  
0.13    0.29  
0.13    0.32  
0.13    0.35  
0.13    0.38  
0.13    0.41  
0.13    0.44  
0.13    0.47  
0.13    0.5   
0.16    0.02  
0.16    0.05  
0.16    0.08  
0.16    0.11  
0.16    0.14  
0.16    0.17  
0.16    0.2   
0.16    0.23  
0.16    0.26  
0.16    0.29  
0.16    0.32  
0.16    0.35  
0.16    0.38  
0.16    0.41  
0.16    0.44  
0.16    0.47  
0.16    0.5   
0.19    0.02  
0.19    0.05  
0.19    0.08  
0.19    0.11  
0.19    0.14  
0.19    0.17  
0.19    0.2   
0.19    0.23  
0.19    0.26  
0.19    0.29  
0.19    0.32  
0.19    0.35  
0.19    0.38  
0.19    0.41  
0.19    0.44  
0.19    0.47  
0.19    0.5   
0.22    0.02  
0.22    0.05  
0.22    0.08  
0.22    0.11  
0.22    0.14  
0.22    0.17  
0.22    0.2   
0.22    0.23  
0.22    0.26  
0.22    0.29  
0.22    0.32  
0.22    0.35  
0.22    0.38  
0.22    0.41  
0.22    0.44  
0.22    0.47  
0.22    0.5   
0.25    0.02  
0.25    0.05  
0.25    0.08  
0.25    0.11  
0.25    0.14  
0.25    0.17  
0.25    0.2   
0.25    0.23  
0.25    0.26  
0.25    0.29  
0.25    0.32  
0.25    0.35  
0.25    0.38  
0.25    0.41  
0.25    0.44  
0.25    0.47  
0.25    0.5   
0.28    0.02  
0.28    0.05  
0.28    0.08  
0.28    0.11  
0.28    0.14  
0.28    0.17  
0.28    0.2   
0.28    0.23  
0.28    0.26  
0.28    0.29  
0.28    0.32  
0.28    0.35  
0.28    0.38  
0.28    0.41  
0.28    0.44  
0.28    0.47  
0.28    0.5   
0.31    0.02  
0.31    0.05  
0.31    0.08  
0.31    0.11  
0.31    0.14  
0.31    0.17  
0.31    0.2   
0.31    0.23  
0.31    0.26  
0.31    0.29  
0.31    0.32  
0.31    0.35  
0.31    0.38  
0.31    0.41  
0.31    0.44  
0.31    0.47  
0.31    0.5   
0.34    0.02  
0.34    0.05  
0.34    0.08  
0.34    0.11  
0.34    0.14  
0.34    0.17  
0.34    0.2   
0.34    0.23  
0.34    0.26  
0.34    0.29  
0.34    0.32  
0.34    0.35  
0.34    0.38  
0.34    0.41  
0.34    0.44  
0.34    0.47  
0.34    0.5   
0.37    0.02  
0.37    0.05  
0.37    0.08  
0.37    0.11  
0.37    0.14  
0.37    0.17  
0.37    0.2   
0.37    0.23  
0.37    0.26  
0.37    0.29  
0.37    0.32  
0.37    0.35  
0.37    0.38  
0.37    0.41  
0.37    0.44  
0.37    0.47  
0.37    0.5   
0.4    0.02   
0.4    0.05   
0.4    0.08   
0.4    0.11   
0.4    0.14   
0.4    0.17   
0.4    0.2    
0.4    0.23   
0.4    0.26   
0.4    0.29   
0.4    0.32   
0.4    0.35   
0.4    0.38   
0.4    0.41   
0.4    0.44   
0.4    0.47   
0.4    0.5    
0.43    0.02  
0.43    0.05  
0.43    0.08  
0.43    0.11  
0.43    0.14  
0.43    0.17  
0.43    0.2   
0.43    0.23  
0.43    0.26  
0.43    0.29  
0.43    0.32  
0.43    0.35  
0.43    0.38  
0.43    0.41  
0.43    0.44  
0.43    0.47  
0.43    0.5   
0.46    0.02  
0.46    0.05  
0.46    0.08  
0.46    0.11  
0.46    0.14  
0.46    0.17  
0.46    0.2   
0.46    0.23  
0.46    0.26  
0.46    0.29  
0.46    0.32  
0.46    0.35  
0.46    0.38  
0.46    0.41  
0.46    0.44  
0.46    0.47  
0.46    0.5   
0.49    0.02  
0.49    0.05  
0.49    0.08  
0.49    0.11  
0.49    0.14  
0.49    0.17  
0.49    0.2   
0.49    0.23  
0.49    0.26  
0.49    0.29  
0.49    0.32  
0.49    0.35  
0.49    0.38  
0.49    0.41  
0.49    0.44  
0.49    0.47  
0.49    0.5   
0.52    0.02  
0.52    0.05  
0.52    0.08  
0.52    0.11  
0.52    0.14  
0.52    0.17  
0.52    0.2   
0.52    0.23  
0.52    0.26  
0.52    0.29  
0.52    0.32  
0.52    0.35  
0.52    0.38  
0.52    0.41  
0.52    0.44  
0.52    0.47  
0.52    0.5   
