1.179855708213191434e+01
1.179642838078797595e+01
1.104648356071305670e+01
9.648148294486976084e+00
7.956657797979670654e+00
6.195920359720735959e+00
4.528220426046627445e+00
3.070871447717984815e+00
1.894587168060942517e+00
1.049978547779406135e+00
5.311169096607939455e-01
2.648073819697614462e-01
1.499188575981524885e-01
1.057100312581170376e-01
8.757973959085091353e-02
8.069018767851571239e-02
7.779912030915878129e-02
7.751264836706699135e-02
7.544823380906462429e-02
7.439579567222685819e-02
7.440296486587763547e-02
7.403985056490100525e-02
7.329692912151059003e-02
7.266196834100219215e-02
7.245750906428330418e-02
7.240785822031294006e-02
7.174999009272403638e-02
7.116318442158833801e-02
7.101139402079961749e-02
7.098460728186149760e-02
7.037236540818958552e-02
6.989126518543604949e-02
6.980837118644972472e-02
6.980699964548017777e-02
6.932954406552210846e-02
6.858630671762228070e-02
6.976954641231324084e-02
1.104266849868272005e-01
1.000000000467589052e+04
1.335237666248834110e-02
5.803753714107351414e-03
1.071723301245802729e-02
-2.525374482793593667e-03
1.071349112922336672e-02
-5.174734015072207649e-03
1.128791331655801256e-02
-5.899601677942629963e-03
1.159512067668495156e-02
-5.810293256065732215e-03
1.117792749036284131e-02
-5.303124313641112419e-03
9.752148289655081584e-03
-4.534969355522069923e-03
7.089173557834392222e-03
-3.555442516674091336e-03
2.888524231228022793e-03
-2.299204923932184237e-03
2.236808075566970764e-20
-3.858969658350872478e-04
-9.645331486835720547e-23
7.024547758461350832e-23
-5.681727582929454916e-23
-2.989661145294711095e-23
-3.582997375423237484e-23
-4.967626854051126934e-23
1.193339237892549495e-23
-7.556988218486381635e-23
-8.329618202971229520e-24
-1.159463601011333549e-22
-3.437371794610319893e-23
-1.415634018308407384e-23
3.767207950169900073e-23
7.463518757232569917e-24
-1.010479624403474517e-23
-4.300506380844348136e-23
-1.396847417651884687e-24
-3.972294223162277712e-23
-3.438504916734440965e-24
-4.020183997293208919e-23
3.979648521642959910e-25
-1.980457271063838565e-23
-2.070634913233113774e-24
-2.314549341971181914e-23
6.374645792309271468e-26
-1.785273039907653016e-23
-1.513467484749807988e-24
-1.999740535598007520e-23
3.000472957949601903e-24
-1.864953357098371418e-23
1.084647253479701693e-24
-2.120211109999351651e-23
1.550063280518577046e-24
-2.044700142794695956e-23
1.076925835016031293e-23
-2.385895995459518487e-23
-1.159661474613842151e-24
-3.331759935605586227e-23
-3.869355658796616998e-24
-2.138213241359786428e-23
2.116128882107089613e-23
-1.802565090342863301e-23
-1.152947550618810069e-23
-4.361149434471192495e-23
-5.115624549509922556e-24
-8.377028958323229194e-24
2.295788627439220136e-23
-1.007631269194008153e-23
-5.359766494727854572e-24
-3.663598550726964147e-23
-5.200643765192531669e-24
-8.728961754200132059e-24
2.008042305523745549e-23
-6.359483609320886573e-24
-5.036806193850866322e-24
-3.224374004943142891e-23
-7.166092474207675539e-24
-5.737563332523887648e-24
2.354513940004122194e-23
-5.785627919780529307e-24
-7.856572697606892776e-24
-3.587514442116909349e-23
-7.402141763997711646e-24
-4.454302650691189096e-24
2.802123298578980948e-23
-4.905463584586507500e-24
-9.681936712197269961e-24
-4.226650463370937701e-23
-8.470091691035481905e-24
-3.930125975342171634e-24
2.856520541839670767e-23
-4.466802583684908586e-24
-4.846383800245360789e-24
-3.143371083245978913e-24
5.023248465587396017e-03
-7.305964684131541209e-03
8.067873480179413304e-03
-1.022942683439416467e-02
9.988623466352944402e-03
-1.183171412515635068e-02
1.137722173843491030e-02
-1.216353771981852627e-02
1.210228961910957135e-02
-1.161605804902551831e-02
1.194608244848188380e-02
-1.048532429349388617e-02
1.073167512850306017e-02
-8.959511261246725505e-03
8.345411150576298454e-03
-7.140358635968483900e-03
4.801832189325119619e-03
-5.047333642031952110e-03
3.858969658350872478e-04
-2.584487489690800825e-03
-1.965954039059178365e-22
-2.729426670778023090e-19
-7.659693291685870755e-23
1.481981327342387626e-22
-6.172358739858492186e-23
6.619347065205624803e-23
-2.844308553734404359e-23
1.698692148602581019e-23
9.346040171507805153e-23
2.451344526519800142e-23
-1.275385900578655517e-23
-9.087211952833548204e-23
-1.279650306397705055e-23
-8.018758614624338079e-23
-6.822674667214040928e-24
-7.215797373818613492e-23
-1.875745158961196759e-24
2.089665751412872314e-23
1.695876234555926258e-23
1.509369789171328689e-23
-2.942955856909137499e-24
-1.188673748768681784e-23
3.222128107402175203e-24
7.385774797994427681e-24
-2.080928498980452327e-24
2.282474962511048883e-24
-1.655956997534469674e-25
3.379524565946017429e-24
4.478954289397995777e-25
3.781024870813472495e-24
1.839756925526258636e-24
1.900248805941039520e-24
-1.861895246129648261e-24
-6.515613755852163903e-27
1.310618948699635523e-24
3.929111095963998512e-24
1.077580546784415584e-23
7.661067279546035809e-25
-5.128741486273857330e-25
-1.253140663327369021e-23
-4.424554620212395804e-24
3.245276457790058053e-25
2.370498988020059506e-23
9.818639073333461007e-25
-6.814908283126774889e-24
-2.637827639277377856e-23
-3.601786540937358586e-24
4.041486404787181127e-24
2.254725725834165484e-23
1.652926759800971202e-24
-2.831165620313286184e-24
-2.694123100949700141e-23
-5.803833384873086842e-24
-1.205217896229640306e-24
2.146937052305667493e-23
-1.549528521640676450e-24
-7.214157061464317198e-24
-3.002488789125336539e-23
-6.544377101347342248e-24
-1.399670913220996059e-24
2.356426907287101162e-23
-2.018933245382074013e-24
-7.853302697893030050e-24
-1.425158270747126908e-24
-9.339808063333060030e-24
-1.004045795724482554e-24
2.865444194616993542e-23
9.482306657414563401e-25
-9.006768299378218857e-24
3.496770983717237652e-24
2.988863691883563735e-23
2.542463207552482576e-24
-5.324835924061518327e-24
-3.557283610483726029e-23
2.099786315324772557e-03
-1.749302920583324650e-02
6.465586189417227292e-03
-1.866228754581325533e-02
9.656799871690768811e-03
-1.916701504739963535e-02
1.192470140922791827e-02
-1.873231853962595284e-02
1.323302337464120348e-02
-1.747505073949495030e-02
1.347189548072904447e-02
-1.559483091053517900e-02
1.255082775378130178e-02
-1.328384933499375531e-02
1.043843614451283111e-02
-1.066169611491741415e-02
7.264678341666270904e-03
-7.818403423036229122e-03
2.970384455525887802e-03
-4.676348370595309958e-03
2.728942698066306044e-19
-1.319558412454267977e-03
-1.586015949990412221e-22
1.160375627366389279e-22
-1.109301365646153597e-22
9.053414309121904181e-23
-2.091656175817185235e-23
6.694673011323610356e-23
-2.192516307845543193e-23
9.584766718005938827e-24
-2.069325623694453916e-24
2.927027584191156453e-23
-4.766890655919804683e-24
8.855481199433034244e-24
8.623195658510081713e-23
1.890239950020102202e-23
-7.678704781376633009e-24
-7.434603267941793640e-23
-1.002167303384084215e-23
-7.424206673259068952e-23
1.632955642877210802e-23
1.901886369339655083e-23
-1.881171728081203594e-24
-1.206606559187695343e-23
-9.838788955454837813e-25
-1.497761698177126355e-23
2.359046051140080983e-25
4.035038166280700397e-24
-1.432880635932633397e-24
1.471986229919863856e-24
-6.700749417063304796e-26
2.708937995245850633e-24
2.073731463590202415e-24
1.426331809064393820e-24
-1.852385419309759408e-24
6.600116017766548902e-26
-2.521707893384137947e-24
3.139357943802555196e-24
1.234306013042531028e-23
4.629580784684943050e-24
-3.767218358658055508e-24
-1.019169494767769457e-23
-3.655150419906529592e-24
6.578002464993371173e-24
2.360485451443418479e-23
5.850214037711706969e-24
-5.990346185923568511e-24
-2.314863509899736491e-23
-6.046900510956317774e-24
5.929593433149954455e-24
2.290484749295407492e-23
6.437799028072395779e-24
-6.148144010284122986e-24
-2.244031153658414957e-23
-7.005988846556014003e-24
5.878175745587151175e-24
2.141105991656805213e-23
5.753483794382373240e-24
-7.163639433508420202e-24
5.507901768913342421e-24
2.415804404750595873e-23
5.273864249916751670e-24
-7.432190222870385696e-24
-2.666917959170423402e-23
-7.387531601867121136e-24
5.597459778255509110e-24
3.120298226414571673e-23
5.649749668948147084e-24
-9.961076075542973933e-24
-3.436719727314257051e-23
-8.226662393554105521e-24
5.276538118764464840e-24
3.367067980836202330e-23
4.815548496285394251e-24
9.305279753447637248e-04
-2.651164104826853052e-02
5.960858687830847269e-03
-2.700735604893875208e-02
1.009149637946445133e-02
-2.669173073253562622e-02
1.318196920935892080e-02
-2.542373198736666562e-02
1.511324320360097478e-02
-2.329842606978453634e-02
1.578287705627046816e-02
-2.054409932221553520e-02
1.517298097385764294e-02
-1.733668936996195231e-02
1.328172883639401614e-02
-1.398143266986223709e-02
1.040673339410718920e-02
-1.069771180690207504e-02
6.327174413666930217e-03
-7.351267062144403210e-03
1.319558412454268194e-03
-3.627140964995202721e-03
-1.841050146444611082e-22
-7.015974623910631140e-14
-1.345175495425982980e-22
2.109954945234426326e-22
-7.827852515340201709e-23
2.666094773483982346e-22
-2.239653954549806229e-24
2.457217242099243805e-22
-2.248412026617298420e-23
-2.875162069636463799e-23
5.280027644848183093e-24
1.390125029047908970e-23
-7.016475594518141287e-24
2.639398425798921562e-23
-7.574738834549386131e-24
1.042445727428117252e-23
8.323925739214639820e-23
1.615295985539262993e-23
-1.475537285650139624e-23
-8.048071100485185197e-23
-4.792723117975513712e-24
1.648192963684839621e-23
1.802877625250648016e-23
7.319917221261611545e-24
-2.327147331246828443e-24
-1.695798826742254502e-23
-1.959288706066466193e-25
2.141308353254610835e-24
-1.349613680352089861e-24
6.277228564251897706e-25
7.134008147034740844e-25
7.346688810515416762e-25
1.220971364315130299e-24
7.451591772314238943e-25
-1.031485052501750093e-24
-3.957029483328734548e-25
-2.478215601937327341e-24
2.355685397308559650e-24
1.300247905401301024e-23
3.214927564346797650e-24
-4.382938847188193797e-24
-1.118066834030299554e-23
-5.393994622274887088e-24
4.134503258750824960e-24
2.308788234622375086e-23
4.190811238519038443e-24
-5.538694916033876450e-24
3.928904434636383088e-24
-5.973263071702470427e-24
4.231365312985759980e-24
2.217034327188717776e-23
4.395819638269497094e-24
-7.130680797760791938e-24
4.355241078360819242e-24
2.116547789109902131e-23
4.637933931921832973e-24
-7.397676952505010954e-24
-2.384877288641524181e-23
-7.784999794115026964e-24
4.746593928689513933e-24
2.483444914708935744e-23
4.700088608513141756e-24
-7.335241711174483163e-24
4.470771376650198435e-24
-8.813964677945000866e-24
4.607459016992769389e-24
2.968265931636406142e-23
5.310440600649129708e-24
-8.687652016033176110e-24
6.102069807899764066e-24
3.137266071549728805e-23
7.550060575951287508e-24
4.348129746745421631e-04
-3.503450336614566396e-02
6.276484004233973124e-03
-3.521453795989440416e-02
1.135949512463341193e-02
-3.422373610498927188e-02
1.530727512694105008e-02
-3.205569056503801417e-02
1.786756995116997593e-02
-2.891024219883817081e-02
1.899028700852405105e-02
-2.520095591289603365e-02
1.852823767395735816e-02
-2.120169228288888708e-02
1.656544969935417819e-02
-1.704421428173352737e-02
1.375317813886486190e-02
-1.287808837675139331e-02
1.005130051081613157e-02
-9.207123733193940673e-03
4.946699377379310675e-03
-5.815902827442397983e-03
7.015974626599678736e-14
-2.620940636067683321e-03
-7.890356671764269591e-23
-1.771614951476861427e-21
-9.916627829187589475e-23
5.860013384145632390e-23
-2.767129988608388247e-22
7.603272885947935225e-23
2.016875072067074349e-23
2.617201790316985291e-22
1.777276161235830901e-23
-3.138591190565501862e-23
-2.298600257822618438e-23
-1.643385436317731320e-23
-1.846236253437928728e-24
2.270301226332477884e-23
-1.339441346809808370e-23
4.032677741934097040e-24
8.220726778519885195e-23
1.487790980132049690e-23
-1.395473553356229838e-23
-8.023849111204096684e-23
-6.249129236177676404e-24
1.503711372138062422e-23
1.677214928943032741e-23
5.488382284130802277e-24
-1.709514367436067684e-24
3.314911557213195244e-24
-1.242667655725737955e-24
1.665364459668056421e-24
7.238911108833563025e-25
2.573414943987909134e-24
8.010923875083295017e-26
5.917578010810571357e-25
1.719903293139683012e-24
1.228990134795053452e-24
-1.618973434899089342e-24
-1.020195713229002667e-25
-1.393116850636782948e-24
2.473318916924144923e-24
1.093223275186562670e-23
2.644660223132687039e-24
-5.337686642506673605e-24
3.420499100929029081e-24
2.282597554234109550e-23
3.670548334320876495e-24
-5.236234037684499558e-24
-2.497287886084312495e-23
-5.808808746418733313e-24
4.002094766559172787e-24
2.212976471197849991e-23
4.011151566510573280e-24
-6.847987944199778207e-24
-2.439597126438424878e-23
-7.321228927238053473e-24
4.215084998209628348e-24
2.119768986259974479e-23
4.557776300698674750e-24
-7.831505114291399142e-24
4.742190326437587210e-24
2.460513191522641411e-23
4.746991894063721712e-24
-7.198554070831912209e-24
-2.702582865403246575e-23
-8.110983094288640546e-24
4.767007242615891752e-24
3.047428852361469578e-23
5.191457430316266142e-24
-7.239661247981652668e-24
-3.407715846378336880e-23
-1.304360832910430447e-24
4.317140855309613470e-24
2.547783809258019616e-04
-4.337872490674971049e-02
7.267285859139105408e-03
-4.336767051777115634e-02
1.352754066458466964e-02
-4.168902235854637928e-02
1.845272349314089344e-02
-3.848215349638231531e-02
2.157685623711211309e-02
-3.409910145822056537e-02
2.298955063853119762e-02
-2.913201686322106077e-02
2.268571567511271786e-02
-2.398260014935781059e-02
2.073157560433631225e-02
-1.889471486836078601e-02
1.742414278242231454e-02
-1.401503666211743188e-02
1.344252141656767340e-02
-1.021487294286477568e-02
8.141661568754026204e-03
-6.699151379030552148e-03
2.620940636137842911e-03
-3.696441684286721433e-03
1.751311518600675267e-21
-5.591919521904698161e-04
-8.173368327385285464e-23
-8.140691691978955799e-23
-9.102554868861960086e-23
-4.307443073024973839e-22
-2.729373402166828042e-22
8.865210548205016946e-23
3.272481915483601442e-23
2.613299995295465642e-22
1.615086404827590766e-23
-3.480209240364529056e-23
-2.051657077482861053e-23
-1.504853709852780137e-23
-2.549181408711683844e-24
2.490786763737786709e-23
-1.290913312816261179e-23
7.465425911932169096e-24
8.132086929985929268e-23
1.784901671557041534e-23
-1.579786067342749834e-23
-7.790183249582649863e-23
1.459867856251272038e-23
1.380579921457011523e-23
-3.359061464981206507e-24
-1.272235936438284291e-23
-3.346171714058852415e-25
6.946918856136492312e-24
-1.257766032023495696e-24
4.685218948246391530e-24
7.173415724648292662e-25
5.565096908534955361e-24
3.888935870217292938e-25
3.694838285776305277e-24
9.563650533479558481e-25
4.444568224532946173e-24
-1.221775544428240832e-24
5.087267424292529326e-24
1.170807162966196874e-23
5.591776426479031857e-24
-5.087637409114826191e-24
-9.445807943081106197e-24
-5.817451652822905944e-24
6.634125827864810231e-24
2.373873958971779818e-23
7.033373198946783194e-24
-5.799751946467332821e-24
6.494537754213835400e-24
-6.277358118916322156e-24
6.250941642962019984e-24
2.176306831839409892e-23
5.886173400250345365e-24
-6.978537624749007072e-24
5.957198770796916692e-24
2.138210388833865725e-23
6.478233578532557641e-24
-7.826703546665264640e-24
-2.178078004094007591e-23
-7.167688632869773345e-24
6.818807194302846066e-24
2.459428182581644529e-23
6.635318535809968898e-24
-7.686532906588266157e-24
6.257221343205578248e-24
-8.794327370484939159e-24
6.413922542884928773e-24
3.115463807111132960e-23
5.142570324646893947e-24
-3.383729486063304751e-24
3.952781207384703997e-24
2.658327699043561143e-04
-5.173412171871169529e-02
8.945934018363882467e-03
-5.155938281442407067e-02
1.673440952674873361e-02
-4.902056878929431094e-02
2.283577553130264337e-02
-4.445754232114504378e-02
2.654394083211161770e-02
-3.870790976060536903e-02
2.813896735239444780e-02
-3.251537645386473607e-02
2.777360095610974244e-02
-2.675748576719237659e-02
2.561125381057966638e-02
-2.165764175597806318e-02
2.122430650167497074e-02
-1.659938530907818094e-02
1.695824298040189693e-02
-1.103933299780306132e-02
1.114437126349785562e-02
-6.476610971159486863e-03
5.758190368234094095e-03
-4.154951012282969390e-03
5.591919521904698161e-04
-2.085736078316308226e-03
-4.310710736565606805e-22
-2.692789664935063792e-21
4.283708640959279407e-22
4.089463560541756525e-22
-1.002594461691864329e-22
-5.213191777851731918e-22
-2.634072727783558403e-22
5.034403359180923016e-23
3.590441935339339685e-23
2.564696787711303738e-22
1.943983396107705793e-23
-2.510422211055639675e-23
-1.999162313415738184e-23
9.304681677210863031e-25
-2.525542324524365545e-24
3.986309033271523344e-23
-1.442997991153762130e-23
2.036480230853226833e-23
7.590977103696911552e-23
2.758524262510484908e-23
-1.192948001644023776e-23
2.561147518639067942e-23
1.631021675553812872e-23
2.138432286281715392e-23
-2.596317079295986023e-24
-1.555707777672172615e-24
-3.778880717349318650e-25
1.734961989562488146e-23
-1.152917050293820818e-24
1.610098140876315325e-23
1.138623525778370189e-24
1.637817432671168538e-23
1.599064253107539001e-24
1.589449912777098886e-23
-7.172665422417383001e-25
1.421495585116768702e-23
-3.329512739898169314e-24
1.670061485544593109e-23
1.099229636183109024e-23
1.722570063416760693e-23
-5.418204281740932982e-24
1.698294448283851771e-23
2.319990414498485039e-23
1.749789496635455831e-23
-6.043348057719148237e-24
-1.171278809827199487e-23
-6.642126361627996775e-24
1.648600842852592817e-23
2.183409368894067025e-23
1.702696706552955822e-23
-6.457502817013366123e-24
1.681302088937228788e-23
-6.876909731133976301e-24
1.642512806747858276e-23
2.077288368857765734e-23
1.606358742956273107e-23
-7.351177291362650513e-24
1.574768524424666469e-23
2.421618463321205464e-23
1.612391212364673973e-23
-7.529831706908915632e-24
-1.550468082113624151e-23
-1.006567958872297398e-23
1.480962289963675826e-23
2.996484895384913965e-23
1.329137628405812938e-23
-6.168741130391108841e-24
9.504186147522758828e-24
4.405716741919807333e-04
-6.026434427724214338e-02
1.148474804349364220e-02
-5.987486368207012299e-02
2.129743599489800077e-02
-5.604312648890524828e-02
2.858540809184231812e-02
-4.945584105948128140e-02
3.273647413885225066e-02
-4.156749977214957426e-02
3.389685803906680728e-02
-3.382464110185601225e-02
3.287344496732405585e-02
-2.716388323054824694e-02
3.066951025747954862e-02
-2.164539371111511012e-02
2.678435881295009036e-02
-1.764690113734812549e-02
2.152096500704547138e-02
-1.393086595487930818e-02
1.346603122237437396e-02
-9.226401151118029942e-03
7.827405302200756559e-03
-4.348988982224489055e-03
2.644928030506778042e-03
-2.738940106293810163e-03
2.670664947332678764e-21
-6.920490047329937557e-04
-5.018946697434209036e-22
1.266250104933547024e-22
4.714037652077960126e-22
3.466949613582523492e-22
-5.728162759903469666e-23
1.078256463725051180e-22
-2.456694815282933737e-22
3.976289731804453964e-23
4.547452423935454099e-23
2.845632448239396412e-22
1.894099903083676530e-23
3.617525397949805364e-23
-2.202383034870733066e-23
5.493641607333301953e-23
-7.209539594965040543e-24
6.738775893188025157e-23
7.393600359825494587e-23
7.821435067975899775e-23
-1.615663234001376327e-23
-1.039789647634139583e-23
-6.629813884951197817e-24
7.218852817413526443e-23
1.630901059400106805e-23
6.509048454633116421e-23
-1.626526558596660076e-24
6.088219510879379740e-23
-8.757241323452886863e-25
6.012772768833468982e-23
6.549483268376736696e-25
6.142096106276130246e-23
-8.047902349576284467e-26
6.001549062975301599e-23
1.768392462036505774e-24
5.954997873181429004e-23
-2.804426961176493476e-24
5.855598121328226757e-23
1.074954021050200102e-23
5.945312105672251628e-23
-4.903253798224892386e-24
4.419514579500178490e-23
-6.010778919641702790e-24
5.832602432096814791e-23
2.215544846907877480e-23
5.740750686244033827e-23
-6.101167724624366725e-24
5.649202978066740284e-23
2.162014751278339992e-23
5.635134993112298502e-23
-6.845395638907071248e-24
2.814333583132843135e-23
-7.238450369049827987e-24
5.514671948844418488e-23
2.045698150326159096e-23
5.469463628017672154e-23
-6.974950411962575471e-24
5.361852328148704466e-23
-7.412408311570926596e-24
5.322109567560551734e-23
2.278447201386408414e-23
5.211380620719762888e-23
-1.158392620430160287e-23
4.975920547894020980e-23
2.617765881731376909e-23
4.561262826246207602e-23
-1.274750044074979933e-23
3.263544070647567844e-23
8.300522693640011163e-04
-6.917540689138057530e-02
1.531648523665851691e-02
-6.847534356148937684e-02
2.788472142432196765e-02
-6.235903055531955008e-02
3.647374937917402526e-02
-5.253352734679450631e-02
4.047933280914581267e-02
-4.167776546958490425e-02
4.055761591037457259e-02
-3.204922026120654577e-02
3.839193448675719267e-02
-2.515819153734888403e-02
3.466800283124653326e-02
-2.034775849829469074e-02
3.050039399541890767e-02
-1.637567842377156413e-02
2.622542981080674962e-02
-1.358363014513318950e-02
1.834344339126791484e-02
-1.132094656668799354e-02
9.437454178131434585e-03
-7.496849664123408918e-03
4.691819132067594558e-03
-3.904587514060444547e-03
6.920490047329937557e-04
-2.578228455594085578e-03
-2.818247188785232569e-22
-1.894115433772814570e-07
2.325344502220487814e-22
2.818175145596183235e-22
-1.253443766534952750e-22
-3.791439782845291231e-22
-8.691340223982956815e-25
1.540404874190671115e-22
-2.029134666050870231e-22
1.209581317860697253e-22
3.770216112467173120e-23
1.573207055233755580e-22
-9.572487490160098626e-24
1.642148357453456565e-22
3.617052152913705637e-24
1.965656788975298523e-22
-1.467624355784544771e-23
1.858798682500282126e-22
6.642979231046289699e-23
1.929469931272401128e-22
-1.372785751275529804e-23
1.738068508870706330e-22
1.210072115646370124e-23
1.682308208291867065e-22
-2.380993979055767654e-24
1.568376704702751148e-22
4.175092420813239559e-25
1.541439594932218932e-22
-7.505221061706128044e-25
1.538719499416192576e-22
-5.459909214344887908e-25
1.584563822483845043e-22
7.743949435044833049e-25
1.604272388002175617e-22
-1.907287117736244764e-24
1.576679136798317484e-22
-4.508435051218730363e-24
1.545068676385590746e-22
9.227624727741470629e-24
1.554667381961495266e-22
-6.929296378169512435e-24
1.542189039107514598e-22
2.123997138730583937e-23
1.556924878805489187e-22
-6.241847574168784538e-24
1.472694176968892027e-22
-6.587866587011153754e-24
1.430643708792494469e-22
2.015798801820868228e-23
1.426050074836708862e-22
-7.690533577317291323e-24
1.400504444561079573e-22
1.938086850457191408e-23
1.413536357249561381e-22
-7.372378017844102789e-24
1.358290414570380978e-22
-8.519697779978815057e-24
1.313188624684323271e-22
2.042987128560666505e-23
1.319962441939767331e-22
-1.573050342077973664e-23
1.284276515825965895e-22
1.320047126132737151e-23
1.214640997647073096e-22
-3.268096218571978808e-23
5.622468847983379128e-23
1.530115599255199577e-03
-7.878707906334270206e-02
2.143279824282834367e-02
-7.746898195896290140e-02
3.771022463284701143e-02
-6.678487293484930420e-02
4.732951125638362733e-02
-5.156343601830565282e-02
5.010787801752417114e-02
-3.683821538476489410e-02
4.744864463423223433e-02
-2.528844901603119477e-02
4.320236752581138595e-02
-1.984946155141931179e-02
3.864008290576965987e-02
-1.689058497775128287e-02
3.329244227405728229e-02
-1.438806121889467382e-02
2.848811338925194558e-02
-1.189672120866379357e-02
2.216754029383249947e-02
-9.848122831879017880e-03
1.302971632819439896e-02
-9.716214341066557736e-03
6.018178190533953961e-03
-9.434390757477529449e-03
3.270088048783701892e-03
-5.795546571357576213e-03
1.894115433772814570e-07
-2.552911054409056409e-03
-4.284270426220986181e-22
-1.029375832494640649e-23
4.078400890501009595e-22
4.276653933149029821e-22
-3.395148965539568185e-23
1.639359080523032943e-23
-1.665508928677811669e-22
5.435299632674858937e-23
4.459629134664182972e-23
2.210938329639468687e-22
2.277835566202409718e-23
1.738434595044440226e-22
-7.068758494587934108e-24
1.531099347255795088e-22
-7.609118680633547534e-24
1.602648087079991131e-22
4.728965007029341722e-23
1.680237105107965489e-22
-1.930388757063922449e-23
9.369113209304313104e-23
7.075707975521095234e-25
7.495708692899734786e-23
-5.074704956108989248e-24
8.163709815735888078e-23
1.454996904786883333e-25
9.475485432168351050e-23
3.833910200594633901e-24
9.302853925306420375e-23
1.424865630398568569e-24
8.220093326981471270e-23
-1.984930176881329939e-24
7.722749745402304849e-23
-5.068333159008918635e-24
8.185073991411584740e-23
-3.548564493628278310e-24
9.093115217720052068e-23
7.979790442343403864e-24
9.777442827216051584e-23
-5.455712408372053571e-24
8.321913699562207653e-23
1.281690120364612341e-23
9.030227985649927314e-23
-1.044689439180854035e-23
7.376422309586197518e-23
-7.047229982589714473e-24
8.217288509376946516e-23
1.760342499064575341e-23
9.426327058188656308e-23
-6.387342308469110588e-24
6.740051424118126056e-23
1.385627423665387379e-23
6.977036111789831283e-23
-1.188255700644987348e-23
6.153129136877870149e-23
-7.842316054434409048e-24
7.356754980246245768e-23
1.686127867422652141e-23
8.581999457772843292e-23
-2.269405523866901654e-23
6.147742072581804788e-23
-5.203894002354614677e-23
7.026028060191064129e-23
-3.851454020559757869e-23
1.254520179695490284e-22
2.848212703635000231e-03
-8.971830891402715613e-02
3.211690726694194087e-02
-8.460124642156080510e-02
5.293166154939066281e-02
-6.804360340112608485e-02
6.205473188992438605e-02
-4.746062764240055465e-02
6.165764438625787047e-02
-2.990539820736337617e-02
5.288763209884411731e-02
-1.513028646843728175e-02
4.616124409947941487e-02
-1.256069529601752666e-02
4.114260666462626892e-02
-1.359448209966335197e-02
3.578378228428816255e-02
-1.189244543528564235e-02
3.053671176603672127e-02
-9.437501792814745327e-03
2.229944878464495961e-02
-1.050496812822270670e-02
1.331153991178342724e-02
-1.192826479814474566e-02
9.657022376653907197e-03
-1.111137912427676705e-02
6.512723565732221262e-03
-8.506266541176914220e-03
2.553100465952433742e-03
-5.398041217605479766e-03
9.532109017750789553e-24
-2.889567700010840963e-03
-3.431713459571744542e-24
-8.609492290996560888e-04
4.007915866122572219e-24
-2.628609739165698009e-04
1.899437694171015094e-25
-2.307638260632597602e-05
-2.654082112861007238e-24
-9.911315499306590899e-09
2.044830883159584850e-24
-3.560411865535331140e-20
8.611548783167072036e-26
-5.012194263940586643e-13
1.497831221638826389e-25
-1.974496017587239183e-04
-2.704292834746000068e-23
-4.450072991950507776e-05
-3.803793273468501355e-23
-4.321748316503161181e-20
7.387582025913642438e-24
-1.120543766812828527e-18
8.043051208215640474e-24
-5.899610024481715325e-18
-1.580815378140618414e-24
-1.620045740436415005e-17
-6.993695782654857149e-24
-2.377357710715202912e-17
-3.548570185393095644e-24
-3.944760450233850078e-18
2.638312283211468971e-24
-1.947586303908103522e-18
4.012079104075754647e-24
-3.908557554891423242e-18
3.294711601331716849e-24
-7.079452676706452117e-18
-6.575500834195035441e-24
-6.063065605040535416e-18
1.627430452505143037e-24
-2.407124581862289829e-18
-3.721155556991174556e-24
-1.444076113409610679e-18
-2.038232393901050373e-24
-2.445064813737207123e-18
5.043155505527383449e-24
-6.478896960512589957e-18
-9.259331350059549115e-24
-6.507332056930905746e-18
-4.017495431752058319e-24
-2.738684286110556967e-18
5.617204487534262443e-24
-1.633605533626194419e-18
1.537014272338827095e-25
-2.257976386300388961e-18
4.410128720831566195e-24
-6.796983245381791992e-18
-7.481295177683863625e-24
-6.383593929765126999e-18
-1.391119536257642313e-23
-2.008917102817040749e-18
3.152797344092240320e-24
-7.912207537679974423e-19
-3.447442206357411631e-23
-1.837643303181827434e-17
7.965275196101351263e-03
-6.369713103021490408e-02
4.867455028737666112e-02
-7.873482447103774540e-02
7.351463730811619302e-02
-5.476904261364246018e-02
7.960996132496156452e-02
-3.190450727677546228e-02
7.643275612518396489e-02
-1.815276164974993778e-02
5.545722327126387241e-02
2.837619009516900714e-03
4.512745729583358956e-02
-4.566002645656236369e-03
4.284464332900397854e-02
-1.026489742044950360e-02
3.823872592675905957e-02
-8.748642287677660390e-03
2.946924543062875990e-02
-3.842592367758593253e-03
2.087615211472292065e-02
-7.081658379573960160e-03
1.412842558565140585e-02
-1.113473921196606042e-02
1.226213495975376003e-02
-1.068709452070915403e-02
9.620948889303655716e-03
-8.298095899110197876e-03
5.061573983547072546e-03
-5.781807978712269133e-03
2.028618470911184874e-03
-5.038615616410718236e-03
5.980882551830863422e-04
-5.556255381395324572e-03
2.397845913102438181e-04
-5.660317517964870426e-03
2.306647129082666940e-05
-5.513679375283798458e-03
9.911315499270984082e-09
-4.905827954178582258e-03
-5.012193907878951175e-13
-4.495042229200016913e-03
-1.974496012575044910e-04
-4.583807247265389226e-03
1.529488718392188473e-04
-5.209256579882196730e-03
4.450072991950503710e-05
-4.901762318988113314e-03
-1.077364321580531595e-18
-3.312237097238927407e-03
-4.779058870086861139e-18
-2.318633509954183981e-03
-1.030083933683122756e-17
-2.744185472855629332e-03
-7.573121283603256858e-18
-2.955048573363313041e-03
1.982880966322239751e-17
-2.924533099796807964e-03
1.997170597755561145e-18
-2.730084309044103919e-03
-1.960968612671036885e-18
-2.568476111865758936e-03
-3.170891109735924083e-18
-2.715432825120741960e-03
1.016390366377517768e-18
-2.897158785633975348e-03
3.655934447677410753e-18
-2.900137684594082492e-03
9.630500958831316499e-19
-2.717975185813216454e-03
-1.000992421483153303e-18
-2.511220160106098723e-03
-4.033834185007776770e-18
-2.595853742733415532e-03
-2.843005326281034874e-20
-2.721783680511571327e-03
3.768638511488998536e-18
-2.689214371167462751e-03
1.105074734988930693e-18
-2.502426359694636792e-03
-6.243652354697070793e-19
-2.342617795160921012e-03
-4.539006705379975370e-18
-2.465814950205607974e-03
4.133937257453852640e-19
-2.592569858018198888e-03
4.374669345652908732e-18
-2.587514191935476587e-03
1.217682437853680744e-18
-2.411361932586406857e-03
-1.758520912525293220e-17
-2.280269489760134924e-03
1.837504024305357481e-17
-3.288137324723026684e-03
-7.072418244721490055e-03
7.264033214477194633e-02
9.637917264498319092e-02
9.336170695198708902e-02
9.742313678445080338e-02
4.805360161609073533e-02
3.942856252104032233e-02
4.436089846177582174e-02
4.314477584667812671e-02
2.623017941881339299e-02
1.682307128233082039e-02
1.457607027690831225e-02
1.465113358135271618e-02
1.213723680970158446e-02
5.804766345848623443e-03
1.510978705926578972e-03
4.940261186135398372e-04
3.864227339913156242e-04
6.309178923960432825e-04
4.107956362940645700e-04
-8.876501856659203826e-05
-8.228989338743119414e-04
4.604431327333022642e-04
1.634025951668691221e-03
9.936035872847421256e-04
-4.255519629014501218e-04
-2.108631005076936835e-04
3.051547356649727052e-05
1.944487907527239941e-04
1.616081971783471516e-04
-1.469567132549851919e-04
-1.817259605132364245e-04
-2.978898960106276389e-06
1.821624987808695070e-04
2.067550257071190320e-04
-8.463358262731810952e-05
-1.259299377781596986e-04
3.256930934410857612e-05
1.867880114728298624e-04
1.598085645337166474e-04
-1.231971550446873953e-04
-1.267549078125956852e-04
5.055666082722735238e-06
1.761522593490740668e-04
1.310924428262732339e-04
-1.007867834962909107e-03
1.258910369338834493e-03
