-1246.794920
-2216.656560
-4878.839590
-866.756945
5007.557660
1933.815150
-386.567165
-720.314401
-1779.164350
-1652.979820
-601.834830
1633.977650
1219.833780
-265.169023
-425.528477
-884.560802
-697.821180
-200.842560
653.004055
508.596394
-97.353247
-200.651179
-363.654559
-210.995868
-313.583415
300.534407
235.761493
-3.085782
-65.960762
-14.800574
-111.357704
-48.940696
73.930565
56.436866
24.768378
59.798741
66.903232
96.039576
101.967264
82.884918
54.341572
47.331561
87.369649
111.122829
145.471098
197.382659
232.952938
213.073827
62.692500
95.789814
143.344679
178.562867
271.996517
399.465583
177.763466
342.522887
299.320883
166.095551
105.618375
58.538068
250.718874
299.945520
509.509954
393.989537
193.697165
128.138690
73.845359
777.198011
596.290871
734.422585
528.933889
319.981467
155.856140
82.265201
1216.873210
1494.117460
1260.543330
880.500098
402.678976
200.719655
114.489328
4479.093070
2471.118200
1757.645630
985.283309
612.408920
250.727173
147.746561
4732.294930
2875.452860
1640.745510
1249.202820
762.769745
346.237597
222.116496
1323.055730
1865.083280
1273.691800
1015.073840
767.207132
494.932955
387.015533
620.016253
1156.056780
997.421549
834.182116
764.211286
652.747113
121.139454
152.822426
169.375897
190.909974
215.512948
225.473321
296.730925
253.812650
267.121825
292.657845
244.663548
328.381847
386.202084
345.388442
418.471178
-86.856898
308.411896
513.780621
497.578023
446.821098
620.154402
-126.366605
370.568947
767.278687
710.948958
578.089265
-471.364647
-289.131282
1046.427950
931.368188
842.410706
708.468145
-1004.576980
794.072092
1433.765310
1318.253840
822.199954
-454.830296
2265.440470
1938.393980
1073.014470
3865.996250
3524.722390
1514.845840
6378.855370
2375.221370
2539.197430
173.187167
439.377345
-12.500425
709.408655
261.310284
-50.824031
779.351814
684.514600
147.168443
-31.480111
763.743586
940.795361
657.019561
103.447690
-29.154761
648.768119
971.324495
1290.295740
512.563729
88.731576
-14.059264
-602.588799
1206.521610
1943.791370
1090.766900
335.159304
68.368802
11.025738
-314.864645
3050.572180
1955.746420
893.256818
259.883888
80.749519
5297.414120
3153.083440
1622.913460
595.687967
169.361478
6131.863090
2382.525540
937.307546
397.939774
2997.471800
1024.796510
607.892490
1503.318280
566.537028
639.263453
