-2756.283520
-5245.636130
-4615.047080
9698.467240
2875.319530
1177.152440
-717.657625
-1309.319400
-2974.853270
-560.371378
2751.951370
2031.158390
958.227469
-418.330548
-595.952369
-991.952530
62.491007
936.727577
1012.265950
577.383774
-112.534997
-205.705673
-230.440103
158.245895
189.523755
549.615354
334.195835
27.463479
-28.815257
93.525531
119.463195
191.299222
253.985952
141.955978
55.460725
129.355545
150.556436
223.744075
251.726374
212.638665
127.052342
82.729775
148.528634
185.672693
232.306107
303.328740
334.479845
279.601334
99.455966
148.522031
211.751637
248.991797
353.060382
475.308521
357.047701
623.357370
524.283200
277.910978
169.231570
90.733899
586.641849
654.803193
927.667465
665.517831
306.191867
196.210347
108.074179
2068.717720
1367.681610
1318.158880
843.478286
465.850234
213.956277
108.732324
4380.246460
3340.575270
2076.138130
1169.853560
522.989885
248.860675
135.031566
8548.315600
3995.789320
2182.068990
1136.297060
628.844670
255.334944
153.337618
1452.990710
2174.505610
1441.521990
1141.466770
693.582000
306.420979
205.689754
578.334211
1150.254390
976.153199
844.397730
650.035754
426.411066
348.036730
351.555201
766.313337
733.095068
651.155434
633.841373
577.603506
190.693196
251.952512
256.980897
334.326965
343.840968
321.064609
551.931407
435.826272
399.660999
385.489251
511.275043
635.752765
615.769798
480.387483
507.831865
-58.391947
719.799140
935.615147
747.966664
558.706862
681.191288
57.810933
1079.552610
1289.107880
882.659371
639.498262
-713.559426
360.802495
2235.069700
1331.015190
907.101104
706.286687
-943.350025
3402.431830
2376.025030
1398.091620
775.161603
3635.833650
4937.833180
1989.271130
985.380663
11336.398500
3178.131160
1313.295950
3475.809790
1718.421050
1532.183200
68.167872
297.484120
-128.908242
504.879425
91.292073
-148.658276
509.710204
437.204963
3.575047
-95.597136
399.590125
589.280319
440.149283
24.220211
-76.252315
189.162781
426.030176
950.398524
406.404218
63.847809
-40.221031
-608.729669
140.235327
1248.668340
1017.881080
372.235213
66.321136
7.990795
-1448.837390
1243.120980
2037.813100
1082.104320
336.638155
113.701719
-1294.030420
3945.607500
2323.057140
875.664357
251.451132
9257.770940
4376.558880
1529.547470
639.376739
7286.423710
1957.219910
1043.534230
3361.149930
1076.615780
1307.626200
