4.949311463406915834e+01
5.903784361945773185e+01
4.804253454132329892e+01
2.892302600537594159e+01
3.735295372614710629e+01
4.691533224557200299e+01
3.904197799710936057e+00
5.787529502847463903e+01
9.280650094046691834e+01
6.051351141371011977e+01
1.965454759893844994e+01
2.803307473661115523e+01
9.529805760551320759e+01
-7.298022557337293215e+00
9.164523765948848677e+01
1.040463306109865158e+02
7.912697133144692430e+01
3.128878501253907629e+01
3.234919490449657076e+01
1.268802215009501992e+02
1.453342149352750079e+00
9.964392977573844234e+01
1.244842723155331612e+02
1.146222020640519901e+02
6.843807716061049007e+01
2.545071293219636033e+01
1.868834205588778445e+02
-4.239195358296477423e+01
1.402235441447109281e+02
1.596114108365515847e+02
1.631307691854665336e+02
2.023460941851959092e+02
1.254024458493511958e+02
6.026031323632090420e+01
-7.953899991173210005e+00
1.085760029588835209e+02
1.563951259080612601e+02
1.773797388901042495e+02
2.219038070155139053e+02
2.065916157870244092e+02
1.287678120128887258e+02
5.100551004097388130e+01
1.018099821772384814e+02
1.479419301246420844e+02
1.830891266476464807e+02
2.452219422020851596e+02
3.185191879245410291e+02
2.889331948393172524e+02
7.234277512590654169e+01
1.188644065884135301e+02
1.714154499923369031e+02
2.297704788209763080e+02
3.055866090183190522e+02
4.401883652231914539e+02
2.994726583231079431e+01
5.460963622830542619e+01
7.742872976777081817e+01
9.874286067370458397e+01
1.025458561506383148e+02
7.809003492547319070e+01
-1.409166797714834374e+01
1.493200387263386020e+01
6.234354220720820194e+01
3.795907364604896372e+01
1.457652207193627589e+02
1.574367454026098017e+02
9.680709671171565844e+01
-1.775844858236750667e+01
3.684314888123466858e+01
6.435554723732403204e+01
8.116612495987288867e+01
1.316996616659344852e+02
1.503886157271930415e+02
1.076790054654275650e+02
1.881706672490992105e+01
4.573780210963886361e+01
6.201010564292902671e+01
1.107095737485604872e+02
1.491324698433619176e+02
1.525622449124334992e+02
1.187868663412487820e+02
3.022179711889780407e+01
6.584586935085637549e+01
1.114153261575487903e+02
1.361189427669974066e+02
1.906530024266871237e+02
1.842057254884062445e+02
1.436698799666263824e+02
1.819261904842137412e+01
7.271912788663379956e+01
1.444850675997125222e+02
2.831145274587645986e+02
2.660097008989256437e+02
1.757543846931594089e+02
1.829287861923796186e+02
-1.791882414488382480e+00
6.154435868465289161e+01
1.129364243144938627e+02
3.259908897225353144e+02
3.478142169669878285e+02
3.495498041041546458e+02
3.078537974795111722e+02
3.499072823554759282e+01
7.488138229761926823e+01
1.486811481370177148e+02
2.647085777486191773e+02
3.606684621681086469e+02
4.870060060832207682e+02
1.505457057095846096e+02
1.544294914572502648e+02
2.161584936428874926e+02
9.198741961563739267e+01
2.615477571583352869e+02
2.806039552496117153e+02
1.721383730087857344e+01
2.481993736393088170e+02
3.035228571685508996e+02
3.521185388907682636e+02
2.316741105180451399e+01
1.361960761565584903e+02
2.621805719319991113e+02
3.459607947306286633e+02
4.565494623774631577e+02
-2.028278544222960278e+01
1.277499813777371571e+02
1.990007900493799866e+02
2.507913928318968999e+02
4.446373459433828543e+02
6.342863195567929324e+02
8.542120448726281268e+01
1.731708660472369843e+02
2.547056500670988157e+02
3.117090957737473786e+02
5.692915904349013090e+02
3.127122499804861633e+01
1.388369498865249341e+02
1.906540594704588045e+02
3.549218919035759541e+02
4.732506423079018418e+02
6.465207919376754262e+02
7.787462291392387215e+01
1.272510279052412017e+02
1.805784314642038453e+02
3.036287563748632010e+02
5.096291397977033739e+02
7.956863758730368374e+01
9.753701785681299441e+01
1.152551066087628016e+02
4.622698977640664566e+02
5.164180460984556476e+01
6.783897096444063379e+01
2.807354300988464502e+02
2.103756698221857846e+01
1.727087423518023570e+02
8.291767429146024426e+01
-1.270407616467434053e+00
1.979284010694873075e+02
-1.054148994912959836e+02
1.961850475190283873e+02
-3.941476181236488685e+01
-1.292816519342437118e+02
2.030708722825751238e+02
1.388518221074861572e+02
-1.289491386530871466e+02
-1.066575424022955900e+02
2.176740691560796392e+01
2.798966253238173181e+02
-5.797311330215308089e+01
-8.815739960111314133e+01
-7.072557701153237986e+01
-1.386260516940676979e+01
1.223254581428678449e+02
8.805051370831785107e+01
-5.069763001751118736e+01
-5.357394939729111627e+01
-2.590858636152943006e+01
-3.940806563590982847e+01
4.683564932786653401e+01
7.443325659676767714e+01
-6.970549544975518153e+00
-5.695552439164072211e+01
1.270651966472708061e+01
1.296815123963988725e+01
-3.453480053726605092e+01
2.398203049460107295e+01
1.647235720697548089e+00
-5.237265410685678546e+01
6.800420392416963722e-01
1.001242482024162825e+02
-1.907594186073612974e+01
-1.324180813664926504e+01
-3.822513246050313285e+01
-4.909237931867777860e+01
1.457268182277041717e+02
-2.910113023785976338e+01
-5.299836492016020628e+01
-1.264785238470666329e+01
8.825701602961605374e+01
-7.351729273479494964e+01
-4.356759252166734342e+01
7.800093884558555146e+01
-7.141656325225754642e+01
4.390828606015806201e+01
-1.362549662924854488e+01
