1.454832141205471174e+01
1.099264873793144659e+01
9.984605018265156673e+00
1.167560796527582667e+01
1.186192850694386536e+01
1.381410912486283316e+01
-5.360819646599310317e+00
1.878331676331301381e+01
1.254379855503091079e+01
1.152897453240072423e+01
9.527149214344710515e+00
1.447657543564967497e+01
1.240343279243930752e+01
4.541447770999059941e+00
1.418446803980727822e+01
1.015431295087140384e+01
1.197386075919639126e+01
1.289530826959029497e+01
1.358419380932212306e+01
1.509465881968928969e+01
6.685733621849825781e+00
1.251862457241768034e+01
1.279023759176467223e+01
1.309726842723808815e+01
1.458656413158655418e+01
1.648017206623240227e+01
1.667066540505589956e+01
7.901551369586591989e+00
1.662581043910817158e+01
1.412929159565760173e+01
1.528490416327010948e+01
1.654377209381589253e+01
1.885301762990575725e+01
2.435164609343802056e+01
1.062837589489919488e+01
1.463990769258569635e+01
1.619863819264450555e+01
1.727286200847678899e+01
2.083164583356334276e+01
2.368435357207009417e+01
3.494703039158545010e+01
1.456628510798810794e+01
1.476137966101422982e+01
1.754561218290202618e+01
2.303844194631146891e+01
2.417638842463706439e+01
3.078937100764692758e+01
4.677846997273840657e+01
1.230546673197712693e+01
1.869824568081106619e+01
2.091752840822060833e+01
2.316618027508890520e+01
2.624679396688144806e+01
4.107485164146802248e+01
1.448662355944695790e+01
1.260447150770232128e+01
1.153652739741110622e+01
1.414671555784000923e+01
1.258298788303850557e+01
1.575982373340943710e+01
8.820407442804707898e+00
1.543824538164795968e+01
1.351952865599093911e+01
1.211571569824105765e+01
1.605462815380650454e+01
1.565594785695448543e+01
1.328186719749732880e+01
7.719319709885070324e+00
1.229514288159200674e+01
1.211365053949047166e+01
1.375801093883087134e+01
1.464261154497138229e+01
1.611299896949006794e+01
1.919454352970768340e+01
8.445083392965052838e+00
9.914682743748098659e+00
1.433538293438988731e+01
1.460082134357112338e+01
1.645689119273905021e+01
1.802070152309413587e+01
2.470009308749876098e+01
2.786920821714676322e+01
1.077214859012509152e+01
1.683244222576926674e+01
1.736312699148094651e+01
2.038250927297048776e+01
2.939671512606819093e+01
2.574584336283723474e+01
3.333642382520922354e+01
1.857129429868089687e+01
2.241377446470695389e+01
2.104508357303533472e+01
2.669057257578828768e+01
3.824985337624354997e+01
2.978696408735832080e+01
2.795332266181500103e+01
1.856461594305648788e+01
2.840267846549500064e+01
2.449191195241894548e+01
3.275444637548844184e+01
4.415091128231372863e+01
4.378027526650023304e+01
2.466735114385562255e+01
2.320310079634282374e+01
2.971515939454228317e+01
3.206235719717288646e+01
4.179186279985539443e+01
5.390821875475610625e+01
1.965488656132556855e+01
1.878856200803048893e+01
2.284068304667469818e+01
1.749572881263037871e+01
2.141927168766780554e+01
2.776251527703544753e+01
1.371668475001265364e+01
2.158410443985326310e+01
2.379411553484129982e+01
3.244982429323361828e+01
1.406829591947002456e+01
1.828113998514070460e+01
2.154516688006188829e+01
2.926285748534284537e+01
3.488618911845684778e+01
1.491064117886618590e+01
1.767053563904976698e+01
1.926914648885661308e+01
2.384755897697374749e+01
3.544194412267036398e+01
4.970643699402467064e+01
2.004353667773007430e+01
1.722435399046604232e+01
2.107201800651967005e+01
2.889803515761534669e+01
4.473052200977980419e+01
1.484808144825231579e+01
1.584560392217967717e+01
1.937233905101211562e+01
2.395747384919390299e+01
3.510569510392664938e+01
6.387830226772419451e+01
1.382795413237685977e+01
1.547121853349074172e+01
2.211661611630978541e+01
2.812079186208043069e+01
4.781388822186188747e+01
1.429097993951559431e+01
1.682582745957089543e+01
2.703858590019509123e+01
3.433228061186727587e+01
1.580309444228780791e+01
2.205502713403343762e+01
3.167880911979484893e+01
2.044163854750693687e+01
2.441830269741288717e+01
2.361727605037234667e+01
-2.109936539501337194e+01
2.379294702240751747e+01
-1.842274216516993590e+01
2.312037770505386192e+01
-3.222971673432253326e+00
-1.319976144816677888e+01
2.343029248746932680e+01
4.295013909241953698e+00
-5.733500886067764313e+00
-1.067197733924638214e+01
4.631071117812821569e+01
3.586055051002393412e+00
-2.426527082554784442e+00
-6.470438148154009639e+00
-7.252215927631169734e+00
7.421571834102453025e+00
6.574744318911793783e+00
1.251817025891142521e+00
-2.745332292021126719e+00
-4.995562734336219002e+00
-7.317071326675420373e+00
-1.181030485051266510e-01
-1.590437411830421865e+00
4.605246225718246933e-01
1.358611471511681046e+00
4.234788663016945343e+00
-4.824433677639206053e-02
2.453257917041762326e-01
-5.733537963893407863e+00
-2.845593217953361176e+00
3.554741624396172028e+00
5.453748408484520027e+00
4.631596997781542768e+00
6.956471391439284169e+00
-5.524689710628422290e+00
-6.118196124212715858e+00
6.876698768172234466e+00
5.379149123000235733e+00
1.208367863852147472e+01
-6.170110985485642630e+00
-3.857401956158319933e+00
6.297885847508556623e+00
9.520510991812990653e+00
-9.130236333289531103e+00
5.700021635679199505e+00
1.184298783400203803e+01
-1.877681766126279683e+00
1.482373878809939782e+01
1.013211832133143275e+01
1.000044262756351600e+04
0.000000000000000000e+00
0.000000000000000000e+00
0.000000000000000000e+00
0.000000000000000000e+00
0.000000000000000000e+00
0.000000000000000000e+00
0.000000000000000000e+00
0.000000000000000000e+00
0.000000000000000000e+00
0.000000000000000000e+00
0.000000000000000000e+00
0.000000000000000000e+00
0.000000000000000000e+00
0.000000000000000000e+00
0.000000000000000000e+00
0.000000000000000000e+00
0.000000000000000000e+00
0.000000000000000000e+00
0.000000000000000000e+00
0.000000000000000000e+00
0.000000000000000000e+00
0.000000000000000000e+00
0.000000000000000000e+00
0.000000000000000000e+00
0.000000000000000000e+00
0.000000000000000000e+00
0.000000000000000000e+00
0.000000000000000000e+00
0.000000000000000000e+00
0.000000000000000000e+00
0.000000000000000000e+00
0.000000000000000000e+00
0.000000000000000000e+00
0.000000000000000000e+00
0.000000000000000000e+00
0.000000000000000000e+00
0.000000000000000000e+00
0.000000000000000000e+00
0.000000000000000000e+00
0.000000000000000000e+00
0.000000000000000000e+00
0.000000000000000000e+00
0.000000000000000000e+00
0.000000000000000000e+00
0.000000000000000000e+00
0.000000000000000000e+00
0.000000000000000000e+00
0.000000000000000000e+00
0.000000000000000000e+00
0.000000000000000000e+00
0.000000000000000000e+00
0.000000000000000000e+00
0.000000000000000000e+00
0.000000000000000000e+00
0.000000000000000000e+00
0.000000000000000000e+00
0.000000000000000000e+00
0.000000000000000000e+00
0.000000000000000000e+00
0.000000000000000000e+00
0.000000000000000000e+00
0.000000000000000000e+00
0.000000000000000000e+00
0.000000000000000000e+00
0.000000000000000000e+00
0.000000000000000000e+00
0.000000000000000000e+00
0.000000000000000000e+00
0.000000000000000000e+00
0.000000000000000000e+00
0.000000000000000000e+00
0.000000000000000000e+00
0.000000000000000000e+00
0.000000000000000000e+00
0.000000000000000000e+00
0.000000000000000000e+00
0.000000000000000000e+00
0.000000000000000000e+00
0.000000000000000000e+00
0.000000000000000000e+00
0.000000000000000000e+00
0.000000000000000000e+00
0.000000000000000000e+00
0.000000000000000000e+00
0.000000000000000000e+00
0.000000000000000000e+00
0.000000000000000000e+00
0.000000000000000000e+00
0.000000000000000000e+00
1.690986642150960506e+00
0.000000000000000000e+00
2.439574243152691224e-01
0.000000000000000000e+00
0.000000000000000000e+00
0.000000000000000000e+00
0.000000000000000000e+00
0.000000000000000000e+00
0.000000000000000000e+00
0.000000000000000000e+00
0.000000000000000000e+00
0.000000000000000000e+00
0.000000000000000000e+00
0.000000000000000000e+00
0.000000000000000000e+00
0.000000000000000000e+00
0.000000000000000000e+00
0.000000000000000000e+00
0.000000000000000000e+00
0.000000000000000000e+00
0.000000000000000000e+00
0.000000000000000000e+00
0.000000000000000000e+00
0.000000000000000000e+00
0.000000000000000000e+00
0.000000000000000000e+00
0.000000000000000000e+00
0.000000000000000000e+00
0.000000000000000000e+00
0.000000000000000000e+00
6.486214140284047858e+00
1.690986642150960506e+00
1.611825345860486891e+01
-1.447029217835691384e+00
1.393691795072196271e+01
-2.439574243152691224e-01
3.758846947672083161e-01
0.000000000000000000e+00
0.000000000000000000e+00
0.000000000000000000e+00
0.000000000000000000e+00
0.000000000000000000e+00
0.000000000000000000e+00
0.000000000000000000e+00
0.000000000000000000e+00
0.000000000000000000e+00
0.000000000000000000e+00
0.000000000000000000e+00
0.000000000000000000e+00
0.000000000000000000e+00
0.000000000000000000e+00
0.000000000000000000e+00
0.000000000000000000e+00
0.000000000000000000e+00
0.000000000000000000e+00
0.000000000000000000e+00
0.000000000000000000e+00
0.000000000000000000e+00
0.000000000000000000e+00
0.000000000000000000e+00
0.000000000000000000e+00
6.486214140284047858e+00
0.000000000000000000e+00
9.632039318320821053e+00
3.569764797527838596e+00
-4.903488657319456934e-01
-2.067636798729708403e+00
-1.500806247379044578e+01
-1.476082709763352341e+01
-6.198421190824774385e-01
-6.198421190824774385e-01
0.000000000000000000e+00
0.000000000000000000e+00
0.000000000000000000e+00
0.000000000000000000e+00
0.000000000000000000e+00
0.000000000000000000e+00
0.000000000000000000e+00
0.000000000000000000e+00
0.000000000000000000e+00
0.000000000000000000e+00
0.000000000000000000e+00
0.000000000000000000e+00
0.000000000000000000e+00
0.000000000000000000e+00
0.000000000000000000e+00
0.000000000000000000e+00
0.000000000000000000e+00
0.000000000000000000e+00
0.000000000000000000e+00
0.000000000000000000e+00
0.000000000000000000e+00
0.000000000000000000e+00
0.000000000000000000e+00
0.000000000000000000e+00
1.005597893781188645e+01
1.421085471520200372e-14
3.994637722063274055e+00
-9.770420746988477845e+00
-1.318353916463576070e+01
-1.405061665987516051e+01
-8.670774952393998092e-01
-8.670774952393998092e-01
0.000000000000000000e+00
0.000000000000000000e+00
0.000000000000000000e+00
0.000000000000000000e+00
0.000000000000000000e+00
0.000000000000000000e+00
0.000000000000000000e+00
0.000000000000000000e+00
0.000000000000000000e+00
0.000000000000000000e+00
0.000000000000000000e+00
0.000000000000000000e+00
0.000000000000000000e+00
0.000000000000000000e+00
0.000000000000000000e+00
0.000000000000000000e+00
0.000000000000000000e+00
0.000000000000000000e+00
0.000000000000000000e+00
0.000000000000000000e+00
0.000000000000000000e+00
0.000000000000000000e+00
0.000000000000000000e+00
0.000000000000000000e+00
1.421085471520200372e-14
0.000000000000000000e+00
2.855581908233943977e-01
-1.421085471520200372e-14
-2.855581908233943977e-01
-2.855581908233943977e-01
0.000000000000000000e+00
0.000000000000000000e+00
0.000000000000000000e+00
0.000000000000000000e+00
0.000000000000000000e+00
0.000000000000000000e+00
0.000000000000000000e+00
0.000000000000000000e+00
0.000000000000000000e+00
0.000000000000000000e+00
0.000000000000000000e+00
0.000000000000000000e+00
0.000000000000000000e+00
0.000000000000000000e+00
0.000000000000000000e+00
0.000000000000000000e+00
0.000000000000000000e+00
0.000000000000000000e+00
0.000000000000000000e+00
0.000000000000000000e+00
0.000000000000000000e+00
0.000000000000000000e+00
0.000000000000000000e+00
0.000000000000000000e+00
0.000000000000000000e+00
0.000000000000000000e+00
0.000000000000000000e+00
0.000000000000000000e+00
0.000000000000000000e+00
0.000000000000000000e+00
0.000000000000000000e+00
0.000000000000000000e+00
0.000000000000000000e+00
0.000000000000000000e+00
0.000000000000000000e+00
0.000000000000000000e+00
0.000000000000000000e+00
0.000000000000000000e+00
0.000000000000000000e+00
0.000000000000000000e+00
0.000000000000000000e+00
0.000000000000000000e+00
0.000000000000000000e+00
0.000000000000000000e+00
0.000000000000000000e+00
0.000000000000000000e+00
0.000000000000000000e+00
0.000000000000000000e+00
0.000000000000000000e+00
0.000000000000000000e+00
0.000000000000000000e+00
0.000000000000000000e+00
0.000000000000000000e+00
0.000000000000000000e+00
0.000000000000000000e+00
0.000000000000000000e+00
0.000000000000000000e+00
0.000000000000000000e+00
0.000000000000000000e+00
0.000000000000000000e+00
0.000000000000000000e+00
0.000000000000000000e+00
0.000000000000000000e+00
0.000000000000000000e+00
0.000000000000000000e+00
0.000000000000000000e+00
0.000000000000000000e+00
0.000000000000000000e+00
0.000000000000000000e+00
0.000000000000000000e+00
0.000000000000000000e+00
0.000000000000000000e+00
0.000000000000000000e+00
0.000000000000000000e+00
0.000000000000000000e+00
0.000000000000000000e+00
0.000000000000000000e+00
0.000000000000000000e+00
0.000000000000000000e+00
0.000000000000000000e+00
0.000000000000000000e+00
0.000000000000000000e+00
0.000000000000000000e+00
0.000000000000000000e+00
0.000000000000000000e+00
0.000000000000000000e+00
0.000000000000000000e+00
0.000000000000000000e+00
0.000000000000000000e+00
0.000000000000000000e+00
0.000000000000000000e+00
0.000000000000000000e+00
0.000000000000000000e+00
0.000000000000000000e+00
0.000000000000000000e+00
0.000000000000000000e+00
0.000000000000000000e+00
0.000000000000000000e+00
0.000000000000000000e+00
0.000000000000000000e+00
0.000000000000000000e+00
0.000000000000000000e+00
0.000000000000000000e+00
1.073158648772505330e+00
0.000000000000000000e+00
0.000000000000000000e+00
0.000000000000000000e+00
0.000000000000000000e+00
0.000000000000000000e+00
0.000000000000000000e+00
0.000000000000000000e+00
0.000000000000000000e+00
0.000000000000000000e+00
0.000000000000000000e+00
0.000000000000000000e+00
0.000000000000000000e+00
0.000000000000000000e+00
0.000000000000000000e+00
0.000000000000000000e+00
0.000000000000000000e+00
0.000000000000000000e+00
0.000000000000000000e+00
0.000000000000000000e+00
0.000000000000000000e+00
0.000000000000000000e+00
0.000000000000000000e+00
0.000000000000000000e+00
0.000000000000000000e+00
0.000000000000000000e+00
0.000000000000000000e+00
0.000000000000000000e+00
0.000000000000000000e+00
0.000000000000000000e+00
4.303286141540070275e+00
1.073158648772505330e+00
6.805472391219993256e+00
-1.073158648772505330e+00
-1.073158648772505330e+00
0.000000000000000000e+00
0.000000000000000000e+00
0.000000000000000000e+00
0.000000000000000000e+00
0.000000000000000000e+00
0.000000000000000000e+00
0.000000000000000000e+00
0.000000000000000000e+00
0.000000000000000000e+00
0.000000000000000000e+00
0.000000000000000000e+00
0.000000000000000000e+00
0.000000000000000000e+00
0.000000000000000000e+00
0.000000000000000000e+00
0.000000000000000000e+00
0.000000000000000000e+00
0.000000000000000000e+00
0.000000000000000000e+00
0.000000000000000000e+00
0.000000000000000000e+00
0.000000000000000000e+00
0.000000000000000000e+00
0.000000000000000000e+00
0.000000000000000000e+00
0.000000000000000000e+00
4.303286141540070275e+00
1.175280040040433960e+00
2.502186249679937191e+00
6.272755772624122983e+00
-6.805472391219993256e+00
-1.321036988096537357e+00
0.000000000000000000e+00
0.000000000000000000e+00
0.000000000000000000e+00
0.000000000000000000e+00
0.000000000000000000e+00
0.000000000000000000e+00
0.000000000000000000e+00
0.000000000000000000e+00
0.000000000000000000e+00
0.000000000000000000e+00
0.000000000000000000e+00
0.000000000000000000e+00
0.000000000000000000e+00
0.000000000000000000e+00
0.000000000000000000e+00
0.000000000000000000e+00
0.000000000000000000e+00
0.000000000000000000e+00
0.000000000000000000e+00
0.000000000000000000e+00
0.000000000000000000e+00
0.000000000000000000e+00
0.000000000000000000e+00
0.000000000000000000e+00
0.000000000000000000e+00
0.000000000000000000e+00
1.175280040040433960e+00
0.000000000000000000e+00
9.400761874123759299e+00
-1.175280040040433960e+00
-5.091606511040737360e+00
-1.057604191416419326e+01
-5.484435403123455899e+00
-5.484435403123455899e+00
0.000000000000000000e+00
0.000000000000000000e+00
0.000000000000000000e+00
0.000000000000000000e+00
0.000000000000000000e+00
0.000000000000000000e+00
0.000000000000000000e+00
0.000000000000000000e+00
0.000000000000000000e+00
0.000000000000000000e+00
0.000000000000000000e+00
0.000000000000000000e+00
0.000000000000000000e+00
0.000000000000000000e+00
0.000000000000000000e+00
0.000000000000000000e+00
0.000000000000000000e+00
0.000000000000000000e+00
0.000000000000000000e+00
0.000000000000000000e+00
0.000000000000000000e+00
0.000000000000000000e+00
0.000000000000000000e+00
0.000000000000000000e+00
0.000000000000000000e+00
0.000000000000000000e+00
0.000000000000000000e+00
0.000000000000000000e+00
0.000000000000000000e+00
0.000000000000000000e+00
0.000000000000000000e+00
0.000000000000000000e+00
0.000000000000000000e+00
0.000000000000000000e+00
0.000000000000000000e+00
0.000000000000000000e+00
0.000000000000000000e+00
0.000000000000000000e+00
0.000000000000000000e+00
0.000000000000000000e+00
0.000000000000000000e+00
0.000000000000000000e+00
0.000000000000000000e+00
0.000000000000000000e+00
0.000000000000000000e+00
0.000000000000000000e+00
0.000000000000000000e+00
0.000000000000000000e+00
0.000000000000000000e+00
0.000000000000000000e+00
0.000000000000000000e+00
0.000000000000000000e+00
0.000000000000000000e+00
0.000000000000000000e+00
0.000000000000000000e+00
0.000000000000000000e+00
0.000000000000000000e+00
0.000000000000000000e+00
0.000000000000000000e+00
0.000000000000000000e+00
0.000000000000000000e+00
0.000000000000000000e+00
0.000000000000000000e+00
0.000000000000000000e+00
0.000000000000000000e+00
0.000000000000000000e+00
0.000000000000000000e+00
0.000000000000000000e+00
0.000000000000000000e+00
0.000000000000000000e+00
0.000000000000000000e+00
0.000000000000000000e+00
0.000000000000000000e+00
0.000000000000000000e+00
0.000000000000000000e+00
0.000000000000000000e+00
0.000000000000000000e+00
0.000000000000000000e+00
0.000000000000000000e+00
0.000000000000000000e+00
0.000000000000000000e+00
0.000000000000000000e+00
0.000000000000000000e+00
0.000000000000000000e+00
0.000000000000000000e+00
0.000000000000000000e+00
0.000000000000000000e+00
3.880849353058891893e+00
0.000000000000000000e+00
6.595127226551795729e-01
0.000000000000000000e+00
0.000000000000000000e+00
0.000000000000000000e+00
0.000000000000000000e+00
0.000000000000000000e+00
0.000000000000000000e+00
0.000000000000000000e+00
0.000000000000000000e+00
0.000000000000000000e+00
0.000000000000000000e+00
0.000000000000000000e+00
0.000000000000000000e+00
0.000000000000000000e+00
0.000000000000000000e+00
0.000000000000000000e+00
0.000000000000000000e+00
0.000000000000000000e+00
0.000000000000000000e+00
0.000000000000000000e+00
0.000000000000000000e+00
0.000000000000000000e+00
0.000000000000000000e+00
0.000000000000000000e+00
0.000000000000000000e+00
0.000000000000000000e+00
0.000000000000000000e+00
0.000000000000000000e+00
0.000000000000000000e+00
3.880849353058891893e+00
-3.221336630403712320e+00
-6.595127226551795729e-01
0.000000000000000000e+00
0.000000000000000000e+00
0.000000000000000000e+00
0.000000000000000000e+00
0.000000000000000000e+00
0.000000000000000000e+00
0.000000000000000000e+00
0.000000000000000000e+00
0.000000000000000000e+00
0.000000000000000000e+00
0.000000000000000000e+00
0.000000000000000000e+00
0.000000000000000000e+00
0.000000000000000000e+00
