3714.422530
6025.364660
4231.534420
1851.779040
746.519334
357.885759
-1081.272230
1136.562620
2948.769230
2470.648990
1762.759210
806.923865
360.839310
174.283155
847.145943
1569.366860
1690.910110
1296.892320
606.367111
369.215867
393.647033
622.769940
972.181805
1027.755270
863.101513
560.077874
293.911180
342.822402
402.971681
583.943445
792.530840
624.893237
475.449373
227.233668
239.207904
457.272912
461.228947
577.353882
596.784494
474.653078
255.827246
234.881478
378.116569
430.590704
475.583550
566.865719
565.586201
419.707174
237.704673
332.952924
427.339033
449.749017
565.693335
662.578565
2073.114130
2106.577740
1575.113560
736.191731
406.508152
203.311022
7770.435520
3374.579020
2318.879410
1513.106230
627.031931
398.618032
207.005439
4609.264860
3019.126630
2065.523060
1284.617640
677.706661
316.544933
163.042985
1739.164490
1604.419790
1455.913580
891.904399
553.591474
282.825531
160.896690
97.300366
863.906253
794.496059
661.231768
333.205743
176.815719
137.661052
26.747298
420.201889
383.180551
420.484216
306.543284
142.971249
138.474668
86.155635
268.245426
302.822262
341.788434
304.969500
232.253576
237.356949
89.614016
238.639165
271.671490
277.402228
333.910709
395.709133
444.596124
644.432020
543.072834
982.453781
783.382400
595.369804
1938.589530
1097.579880
751.644835
615.369312
2551.660480
1938.525380
1146.236080
757.952198
705.556786
2330.162540
2968.875050
1881.439550
1134.675840
744.035004
799.483220
4264.827330
3048.664700
1687.305670
931.180060
706.247054
9016.911390
4615.221450
2487.273360
1290.331470
782.512798
651.376471
7615.063010
3302.734100
1667.840840
899.301679
559.860164
4188.182220
2149.317250
939.748634
568.868487
1828.719930
1049.211660
605.336367
814.786839
591.866822
439.137261
-181.525474
-23.147033
-426.784910
78.535732
-332.709503
-429.686027
50.747177
-170.540698
-424.274317
-314.515359
-19.456297
-134.973438
-294.416858
-298.642090
-269.249253
-85.007906
-251.323687
-207.100192
-247.539310
-149.440624
-172.008089
-262.868041
-367.025345
-485.495025
-139.557483
87.080043
-63.148866
-32.588159
-701.127271
-861.163458
-236.397732
298.958105
216.540091
164.393431
-1698.424340
-828.091634
465.155081
877.491657
386.751742
-2332.429020
-1.816571
1431.696570
1167.468000
-1298.175250
2133.610910
1914.731420
3326.897390
3176.015310
8875.081390
