8.05337346139650e+001
1.08554608314288e+002
9.94988369667724e+001
7.35863434190651e+001
8.17993924729515e+001
1.05966213319309e+002
7.06503032572340e+001
8.11251815748532e+001
1.05413537784493e+002
8.37930280037641e+001
9.92923334958045e+001
7.83415935405875e+001
8.60447810296149e+001
1.01958274505416e+002
6.92456298691026e+001
8.18124704055710e+001
9.98997054286509e+001
1.01101393517387e+002
1.00697352255223e+002
8.02802552860940e+001
8.83163630381834e+001
1.00379767776213e+002
6.87888792666317e+001
8.21540090886984e+001
9.63226383249568e+001
9.68234526499708e+001
9.93594332621022e+001
8.09382076426458e+001
8.92375169033300e+001
9.96932695555591e+001
6.88161982077820e+001
8.22170240795316e+001
9.39702095674334e+001
9.48859085235754e+001
9.91855553501207e+001
8.10139769125547e+001
8.94546922043939e+001
9.93673408394831e+001
6.90868950404150e+001
8.21653232510664e+001
9.24901995757772e+001
9.36912838944323e+001
9.91693569893850e+001
8.06940767301073e+001
8.92809454358798e+001
9.86082255624901e+001
6.96135082594820e+001
8.22967968920831e+001
9.11140843315651e+001
9.29038691976061e+001
9.91771632437084e+001
8.01364484358848e+001
8.87826355585194e+001
9.78916902959806e+001
7.01636507529473e+001
8.24780074493067e+001
9.02647241063022e+001
9.24932202472810e+001
9.92476507805504e+001
5.84627405239679e+001
2.25227792351712e+002
8.05169529542381e+001
9.74374690633432e+001
9.65921870155686e+001
9.07450872309738e+001
9.00574924178161e+001
9.92760131624573e+001
8.11113363890326e+001
8.79975192582722e+001
9.94448050929647e+001
9.81686304709479e+001
1.21818777187433e+002
9.36855678855993e+001
9.69335070431479e+001
1.04239602612836e+002
8.18073611915973e+001
9.19370553290987e+001
1.01467033444497e+002
9.99102864934726e+001
9.79323533500439e+001
9.45464293426647e+001
1.00033264301398e+002
1.07417950475600e+002
8.21444130663994e+001
9.40020461981671e+001
1.02448834170920e+002
1.01138853508280e+002
1.03365519772811e+002
9.46491991957126e+001
1.01466925631874e+002
1.09335734464370e+002
8.21778679600872e+001
9.48267185032702e+001
1.02729962438380e+002
1.02226911216451e+002
1.06389353477018e+002
9.43541954017869e+001
1.02089674932538e+002
1.10635496780959e+002
8.21163381846419e+001
9.50532504157661e+001
1.02893390902971e+002
1.03069672748286e+002
1.08593546002280e+002
9.37109788772492e+001
1.02175216912200e+002
1.10952340861811e+002
8.22410246224851e+001
9.52440989614983e+001
1.02579173733094e+002
1.03681257186241e+002
1.10197328867913e+002
9.28658168137611e+001
1.01789706025215e+002
1.10880568620905e+002
8.24311256570053e+001
9.53970848320434e+001
1.02357273342538e+002
1.04189216378162e+002
1.11349895857998e+002
6.27587458096383e+001
7.15156260744487e+001
1.08102090981612e+002
9.72160317603962e+001
9.89155759155717e+001
8.90107563759089e+001
1.02004900990214e+002
9.91852576992258e+001
1.03755073791976e+002
9.87546317611892e+001
9.87059815050481e+001
9.85011471175106e+001
9.39453220839120e+001
1.04802759229324e+002
1.04790348442809e+002
1.05372366210133e+002
9.91027335889454e+001
1.00995678055393e+002
1.01030247172443e+002
9.90952479081954e+001
9.93306212912284e+001
1.03701553949267e+002
1.06216494364448e+002
1.09446427483515e+002
9.59324266138867e+001
1.02158807254335e+002
1.03110946479423e+002
1.00983120667001e+002
1.03797871964468e+002
1.02778457151618e+002
1.07272205805842e+002
1.12326014266611e+002
9.35355939585227e+001
1.02380209937475e+002
1.04708217776437e+002
1.03336514570702e+002
1.07719326711012e+002
1.01839730799081e+002
1.07976488268061e+002
1.14551524105271e+002
9.17402205263964e+001
1.02227056071878e+002
1.06088492948163e+002
1.05504373562404e+002
1.11070390219457e+002
1.00738947603983e+002
1.08219595740550e+002
1.15714950667825e+002
9.06310642380133e+001
1.02155098845461e+002
1.06796069427980e+002
1.07254128445941e+002
1.13764074975017e+002
9.95550365309092e+001
1.07938882266793e+002
1.16241411390034e+002
8.99804469696623e+001
1.02120722463205e+002
1.07261047121085e+002
1.08614332769048e+002
1.15787383038424e+002
7.32666528871115e+001
7.42919416175415e+001
9.65107064742212e+001
9.84890954547456e+001
1.18549875365901e+002
1.04667005721229e+002
1.15462384837281e+002
8.50198013393459e+001
9.78365786633300e+001
9.78940523260376e+001
1.10525478082476e+002
1.17901205365636e+002
1.04210290213046e+002
1.15098556651881e+002
1.17442129854916e+002
1.00393153378498e+002
9.96479272969330e+001
9.90397629134136e+001
1.07396302178996e+002
1.17074960622955e+002
1.03545482988406e+002
1.11892018952871e+002
1.17954318368797e+002
9.66351067605808e+001
1.01092213605553e+002
1.01101893246963e+002
1.06992247079767e+002
1.17174289622471e+002
1.03046089959887e+002
1.11323780790542e+002
1.18823364117146e+002
9.46458810958825e+001
1.02061445799904e+002
1.03412409064693e+002
1.07994987229360e+002
1.18013622574364e+002
1.02708958816774e+002
1.11488458079310e+002
1.19912857397557e+002
9.33633058899350e+001
1.02832304456940e+002
1.05786298844400e+002
1.09459043848015e+002
1.19198231401472e+002
1.02257144874380e+002
1.11595477544315e+002
1.20501462307665e+002
9.26960799489900e+001
1.03569075313833e+002
1.07523670319619e+002
1.10880089371230e+002
1.20424680607524e+002
1.01609883952818e+002
1.11293967031451e+002
1.20658552896855e+002
9.23605675910063e+001
1.04120967710993e+002
1.08756027414573e+002
1.12139961333807e+002
1.21535062624156e+002
7.63660675454362e+001
7.87508582541054e+001
8.27351452056868e+001
9.94983057278246e+001
8.81135956456985e+001
1.18531258320520e+002
9.51217297126797e+001
1.24418606690281e+002
9.94589723219243e+001
1.22821569876314e+002
9.25670022542281e+001
1.17882733783098e+002
1.28641686284951e+002
1.00229190720602e+002
1.23670485211082e+002
1.32433784385189e+002
9.91341438540494e+001
9.75935324569662e+001
9.90404703360812e+001
1.17023530024387e+002
1.29949955539402e+002
1.04899101387290e+002
1.21725934077294e+002
1.31117139282161e+002
9.90554946478213e+001
1.03274647395861e+002
1.03800319852600e+002
1.17126185095422e+002
1.30757296358745e+002
1.07035118510850e+002
1.20972581308612e+002
1.31024776493001e+002
9.89015631174391e+001
1.06194668826645e+002
1.07704914622365e+002
1.17996113921534e+002
1.31393529705294e+002
1.08169667773871e+002
1.20907663140139e+002
1.31410305051773e+002
9.88374842245536e+001
1.08369911576527e+002
1.11298940051981e+002
1.19198505079346e+002
1.31998009071345e+002
1.08710449493224e+002
1.20872498294963e+002
1.31533886840372e+002
9.89805474983459e+001
1.10113305675825e+002
1.14021478955108e+002
1.20396036119646e+002
1.32599690711067e+002
1.08694701874311e+002
1.20455272134474e+002
1.31325539220454e+002
9.91437594496102e+001
1.11328625937934e+002
1.15953642583946e+002
1.21559515228121e+002
1.33216736221670e+002
8.30079285419908e+001
8.68110057926031e+001
9.08471901817442e+001
7.35679353529661e+001
9.07122513761958e+001
1.05184989988112e+002
9.65325428823612e+001
9.16494245063769e+001
1.01630858921356e+002
8.45199906426969e+001
1.01099752771088e+002
1.01753524541530e+002
9.79352536404262e+001
8.45764535619378e+001
9.16908192932780e+001
1.00988154593802e+002
6.83781791034744e+001
8.31622510426308e+001
9.66468298951061e+001
9.79088211701975e+001
9.92641520421586e+001
8.46641577065527e+001
9.21941009762679e+001
1.00945493904873e+002
7.07149594285346e+001
8.40193743495113e+001
9.43744850779053e+001
9.57135921218441e+001
9.98716973424375e+001
8.45258716455968e+001
9.24861369156661e+001
1.01136848985598e+002
7.18203513305330e+001
8.45965148118513e+001
9.33121022969881e+001
9.48601634253091e+001
1.00419749857952e+002
8.42952268138237e+001
9.25656991600188e+001
1.01417024218569e+002
7.24655340141742e+001
8.48996003821417e+001
9.29389488454834e+001
9.45893492508320e+001
1.00979717259633e+002
8.38687386813668e+001
9.24089616015171e+001
1.01167788788690e+002
7.30679541877444e+001
8.52481777763409e+001
9.24825483907006e+001
9.45411451170286e+001
1.01469123777369e+002
8.32775765802708e+001
9.19498292759748e+001
1.00763549952487e+002
7.35730124992412e+001
8.55507945599796e+001
9.22401564822598e+001
9.46609478743981e+001
1.01900415959309e+002
5.92965865465372e+001
6.66009182821329e+001
7.45557280106695e+001
8.17988213589528e+001
9.00542673538300e+001
1.01775099257777e+002
1.24438433882691e+002
9.14231200475510e+001
1.10084814854431e+002
7.64653035624914e+001
9.65352482239853e+001
1.10323369648818e+002
1.19771295547714e+002
9.17106592506238e+001
1.00573688038117e+002
1.09771196328628e+002
7.76271467669943e+001
8.47294403180125e+001
9.56228137338164e+001
1.03894966579311e+002
1.14630521674974e+002
9.27334876956850e+001
1.01241750895354e+002
1.10196231298196e+002
8.02610932284637e+001
9.00049381246498e+001
9.70134117231377e+001
1.02113739457438e+002
1.12162835152364e+002
9.33147736122073e+001
1.01924045986085e+002
1.10871413669555e+002
8.16396541593658e+001
9.24586037040902e+001
9.84321226695199e+001
1.02216688093583e+002
1.11547113488049e+002
9.35276719196075e+001
1.02422774645014e+002
1.11626662487231e+002
8.22592085542104e+001
9.37540661671044e+001
9.98239495319887e+001
1.02883353712072e+002
1.11798954942275e+002
9.33548410779357e+001
1.02580059849122e+002
1.11805160244910e+002
8.27310075900526e+001
9.46636773862714e+001
1.00640489000511e+002
1.03602281653107e+002
1.12337808569366e+002
9.28820038844724e+001
1.02287601805828e+002
1.11663645571238e+002
8.30898255006572e+001
9.52736585378531e+001
1.01214221274158e+002
1.04293814856437e+002
1.12932303770054e+002
6.78976855002504e+001
7.22863342606839e+001
7.99739048162364e+001
1.05509096028772e+002
9.90839513192118e+001
9.89920915791037e+001
1.15463840661405e+002
1.01344770064715e+002
1.09981901724581e+002
1.12730978228664e+002
9.38380372415195e+001
1.09330168877587e+002
1.27475990410073e+002
1.01447768928631e+002
1.10049056154583e+002
1.16981091803121e+002
1.04826904208415e+002
9.57981424871181e+001
9.50746335148850e+001
1.06646217214262e+002
1.22197318185082e+002
1.02462571130763e+002
1.10774749904156e+002
1.18583324673681e+002
9.89917164365921e+001
9.96723314833265e+001
9.98526471370056e+001
1.07233505056953e+002
1.20419774296345e+002
1.03209993255427e+002
1.11698308762746e+002
1.20086521888522e+002
9.62504494250117e+001
1.02130792465771e+002
1.03508786067500e+002
1.08892667428858e+002
1.20471441885144e+002
1.03520307437960e+002
1.12511865507005e+002
1.21454304928248e+002
9.47331569211836e+001
1.03629141587456e+002
1.06567649679722e+002
1.10704324962395e+002
1.21303013924054e+002
1.03385834809488e+002
1.12917770837969e+002
1.22153822752064e+002
9.39980984151650e+001
1.04711436654717e+002
1.08654035454159e+002
1.12300763726772e+002
1.22362120022110e+002
1.02884752344878e+002
1.12749837184408e+002
1.22352204827121e+002
9.36459529205774e+001
1.05426048823428e+002
1.10070981258263e+002
1.13651214462179e+002
1.23393294044908e+002
7.93812562346266e+001
8.25664729094346e+001
8.47385467048273e+001
7.06480006482711e+001
8.11259129263947e+001
1.04059724438894e+002
8.48571037468619e+001
9.94314529736254e+001
7.64462196169262e+001
1.13762049026282e+002
8.01435863560983e+001
1.12343400086797e+002
9.94867033000453e+001
7.26137498586934e+001
8.05909037054646e+001
1.06233352563968e+002
7.07199371732642e+001
8.08131244283532e+001
1.05885882659917e+002
8.82443281154692e+001
9.91065101966903e+001
7.78561092654086e+001
8.54852305587493e+001
1.01801725502899e+002
6.93480391212888e+001
8.17679376430561e+001
1.00091409603149e+002
1.01681760881516e+002
1.03326628034935e+002
7.99502710391743e+001
8.79414540967709e+001
1.00266328742316e+002
6.87834636541838e+001
8.21244908552578e+001
9.65871721941654e+001
9.70278326040899e+001
9.94160273290142e+001
8.05372712508039e+001
8.87727242948987e+001
9.96044630857514e+001
6.87118713680136e+001
8.20831062916471e+001
9.42848964595983e+001
9.49138954183707e+001
9.91799573801388e+001
8.03465331279078e+001
8.88052468429196e+001
9.85650614937320e+001
6.90619460907032e+001
8.21283515288843e+001
9.22012877095646e+001
9.35625039532408e+001
9.90464768543432e+001
7.97784558896205e+001
8.83586666092539e+001
9.77044828011773e+001
6.95380997055028e+001
8.22169295522673e+001
9.08825913965575e+001
9.27865710052285e+001
9.90168657190370e+001
5.61990110461884e+001
6.30249283889746e+001
7.23480458191746e+001
8.11284686161155e+001
8.80079208947596e+001
9.88976693265161e+001
9.78880887650116e+001
1.22684122362758e+002
8.45283370286193e+001
9.40923442315368e+001
8.01633841578478e+001
9.73442838451393e+001
9.63722001961008e+001
9.01860473555331e+001
8.87578940792662e+001
9.81221612251865e+001
8.08539732820105e+001
8.74028628520344e+001
9.88957023347939e+001
9.80731427182182e+001
1.13545026843681e+002
9.34092951075234e+001
9.63885719617460e+001
1.03604635056056e+002
8.17966509658889e+001
9.17194276195357e+001
1.01246748348822e+002
9.97364646011074e+001
9.72783781609491e+001
9.42895919161229e+001
9.96430652062209e+001
1.07042824560666e+002
8.21119939081694e+001
9.38664965974576e+001
1.02434436839109e+002
1.01170491676912e+002
1.03342340858905e+002
9.42429585570214e+001
1.01015165612157e+002
1.09150734736827e+002
8.20683538690447e+001
9.46854113042234e+001
1.02964657569994e+002
1.02255582918058e+002
1.06471091630899e+002
9.36165926174921e+001
1.01423229619994e+002
1.09845633561868e+002
8.21101816298293e+001
9.50540906597149e+001
1.02678231411109e+002
1.03021968139806e+002
1.08598899199480e+002
9.27044358606599e+001
1.01183617397223e+002
1.09992077661778e+002
8.22077644160964e+001
9.52114028036153e+001
1.02378370626915e+002
1.03601848178402e+002
1.10066288976195e+002
6.64057749320131e+001
7.01548673397855e+001
7.75930081548004e+001
1.04913169741904e+002
9.92146189054911e+001
9.87124550917420e+001
9.84295273156649e+001
9.38267977907882e+001
1.00998735075259e+002
9.67048066587946e+001
1.11425915089739e+002
9.70185646275208e+001
9.92162989573029e+001
8.83523252780794e+001
1.02036461808594e+002
9.84150987236718e+001
1.06005901130153e+002
9.89566537355143e+001
9.86883203649753e+001
9.85607909744575e+001
9.33299013525635e+001
1.05263724024589e+002
1.04948878878080e+002
1.05098929618251e+002
1.00442744261386e+002
1.01464649173333e+002
1.01176154661383e+002
9.91550093173462e+001
9.91224092084921e+001
1.03987451234345e+002
1.06305715619542e+002
1.09381270489349e+002
9.67182378161545e+001
1.02567635168741e+002
1.03399979125687e+002
1.01251931599568e+002
1.03930745191622e+002
1.02818633189531e+002
1.07282132130376e+002
1.12469203910215e+002
9.39970309729359e+001
1.02763657330694e+002
1.05305875806527e+002
1.03698672351573e+002
1.08087284783687e+002
1.01493903346158e+002
1.07749159922651e+002
1.14230620101314e+002
9.22005074377803e+001
1.02724811846877e+002
1.06388687741866e+002
1.05880316563459e+002
1.11485863969550e+002
1.00111808279849e+002
1.07628766924139e+002
1.15174267837934e+002
9.10706557365181e+001
1.02607087116184e+002
1.07054299795514e+002
1.07599917559407e+002
1.14045780329331e+002
7.65944858112438e+001
7.85529979301915e+001
7.89794669162603e+001
8.36870518389354e+001
9.81649199571993e+001
9.82633760616761e+001
1.10521936122347e+002
1.17873519480646e+002
1.01519065915435e+002
1.10341630528872e+002
1.09279583717189e+002
9.64690997405554e+001
9.85776580019899e+001
1.19099028494652e+002
1.04922765978563e+002
1.15503468641702e+002
8.84052049977490e+001
9.80630408522064e+001
9.84113955531315e+001
1.10988580901935e+002
1.18219486807708e+002
1.04910424554002e+002
1.15579987480066e+002
1.17532258396376e+002
1.01999530966294e+002
9.98800516975319e+001
9.90890850597057e+001
1.07616823638947e+002
1.17250945040907e+002
1.03539431519394e+002
1.11901924811690e+002
1.17893649642457e+002
9.70642715279864e+001
1.01146623582333e+002
1.01077533245645e+002
1.07171374882082e+002
1.17340392301488e+002
1.02691995442341e+002
1.11110739655817e+002
1.18727155701404e+002
9.48036052399379e+001
1.02174101063186e+002
1.03670438255821e+002
1.08136213829989e+002
1.18177659794133e+002
1.02034513993893e+002
1.10970033690084e+002
1.19356390410355e+002
9.35547843489930e+001
1.03062445686659e+002
1.05855734392939e+002
1.09536033627043e+002
1.19308073413611e+002
1.01325414550809e+002
1.10648392710753e+002
1.19621494701705e+002
9.28509002169673e+001
1.03688906997194e+002
1.07443043021431e+002
1.10932891170630e+002
1.20442287144684e+002
7.96051832132051e+001
8.29824540907250e+001
8.63461844005443e+001
9.92718302801733e+001
1.21895295021228e+002
9.33765297715280e+001
1.17876666596062e+002
1.28636170300094e+002
9.72862385831233e+001
1.19756616389813e+002
1.27451364218711e+002
9.94772160744177e+001
8.63121823760238e+001
1.19115465605885e+002
9.25720633566559e+001
1.25211946115016e+002
9.91599405348393e+001
1.13471424999182e+002
9.28700209927910e+001
1.18194516619167e+002
1.28565712154165e+002
1.00660233741375e+002
1.24093041202904e+002
1.32742497067214e+002
1.02722585813603e+002
9.73971200007205e+001
9.89873585892747e+001
1.17216258362791e+002
1.29949801254125e+002
1.04594853782347e+002
1.21734777244769e+002
1.31148738220740e+002
9.92922437890383e+001
1.03239179501706e+002
1.03664639220223e+002
1.17310262693079e+002
1.30852679849022e+002
1.06404876499611e+002
1.20727754025046e+002
1.30915288113153e+002
9.90309912878016e+001
1.06370302584858e+002
1.07981228223285e+002
1.18150541680369e+002
1.31500844362337e+002
1.07390760772643e+002
1.20318022424225e+002
1.30833204470511e+002
9.90368150606748e+001
1.08644266641199e+002
1.11418399454445e+002
1.19236461989452e+002
1.32050332620401e+002
1.07669436882160e+002
1.19768718925369e+002
1.30538369593894e+002
9.90916380712802e+001
1.10166965108640e+002
1.13867972229719e+002
1.20421749310434e+002
1.32602592138520e+002
8.62538735754359e+001
9.15422667709357e+001
9.63045390002407e+001
7.83161454715686e+001
9.36595107186888e+001
1.04908924469841e+002
1.04857786372839e+002
1.01958522203711e+002
8.45925446774758e+001
9.19895323158368e+001
1.01939765180712e+002
7.25824232652173e+001
9.00900209179656e+001
1.05666107192779e+002
9.58901047524012e+001
9.05859238055591e+001
1.00401394308989e+002
8.36109036409051e+001
1.00724987461376e+002
1.01663862261327e+002
9.68107176927802e+001
8.37817633245969e+001
9.07147082215965e+001
9.97933515699593e+001
6.75985964250843e+001
8.23535120426101e+001
9.59315788919254e+001
9.72565336561762e+001
9.82194199196657e+001
8.36991764289156e+001
9.11175649374445e+001
9.97987230660867e+001
6.99470685014110e+001
8.31792848055590e+001
9.36443767793988e+001
9.49804623456353e+001
9.88893840819065e+001
8.33651269966791e+001
9.12430796889060e+001
1.00018988378713e+002
7.10197623598739e+001
8.36931641023390e+001
9.26712374175481e+001
9.39927006697536e+001
9.94410071170102e+001
8.28300829559002e+001
9.10771405142332e+001
9.97176572510787e+001
7.17681032792436e+001
8.40911070249117e+001
9.18496948227750e+001
9.35936221111966e+001
9.99144393188794e+001
8.21584338447891e+001
9.06050920372572e+001
9.92969313605111e+001
7.23218239980319e+001
8.43759502110893e+001
9.13802896977664e+001
9.35285027842522e+001
1.00336992244133e+002
6.43535389104338e+001
7.34441135864648e+001
8.38412780031959e+001
8.60521754379650e+001
9.69585297773609e+001
1.04685804059344e+002
1.15104520131129e+002
1.23662633465213e+002
9.15834493752960e+001
1.00583446680864e+002
1.10146060849601e+002
8.06119371294977e+001
8.87770617739183e+001
1.01725187028711e+002
1.25183424257160e+002
9.02719267170501e+001
1.08892394857013e+002
7.51209287183101e+001
9.57669350494826e+001
1.10320704357968e+002
1.19769615747753e+002
9.08653730510754e+001
9.96039383006656e+001
1.08620704731024e+002
7.66363638390047e+001
8.35792058095416e+001
9.46315637453450e+001
1.03165751273456e+002
1.13977270457782e+002
9.16105002069334e+001
1.00056242692290e+002
1.08939993859347e+002
7.93684280944711e+001
8.89515361974461e+001
9.60152268654634e+001
1.01257382963567e+002
1.11254316809898e+002
9.19904283452386e+001
1.00576061640163e+002
1.09621417124505e+002
8.07460072096799e+001
9.14676444586561e+001
9.76733066384737e+001
1.01273781722347e+002
1.10529369974113e+002
9.19115193888440e+001
1.00816026877730e+002
1.09842987789521e+002
8.14890224850888e+001
9.29021982141989e+001
9.87366773261840e+001
1.01835124118401e+002
1.10668627182695e+002
9.14904391492821e+001
1.00605415632078e+002
1.09769613197773e+002
8.19158936287673e+001
9.37251613308095e+001
9.94678796093456e+001
1.02520068656869e+002
1.11118484082869e+002
7.37145836977299e+001
8.15931030934510e+001
9.03381212691803e+001
1.01982474444627e+002
1.04280040559509e+002
1.05235299837532e+002
1.17446143421145e+002
1.32436477305916e+002
1.00860421322740e+002
1.09789689352048e+002
1.17015743597205e+002
1.06311611944904e+002
9.81718460827244e+001
9.81392055821161e+001
1.15515923039747e+002
1.00078080839526e+002
1.08916449574997e+002
1.16808335926089e+002
9.24459430701157e+001
1.08681219763347e+002
1.27275951357294e+002
1.00511271010180e+002
1.08867877664288e+002
1.15770986215323e+002
1.05524065396337e+002
9.44588931910107e+001
9.38230741776569e+001
1.05710884539710e+002
1.21454900541950e+002
1.01219259963687e+002
1.09429222486538e+002
1.17218242517567e+002
9.84875031398627e+001
9.83964584663171e+001
9.85745916337196e+001
1.06257095980511e+002
1.19489205149134e+002
1.01711305896371e+002
1.10252642489013e+002
1.18720744485748e+002
9.54415141920932e+001
1.01073495517920e+002
1.02596460876502e+002
1.07886782327045e+002
1.19448802965176e+002
1.01759986419915e+002
1.10810026583390e+002
1.19628233184210e+002
9.39663955658794e+001
1.02756187685325e+002
1.05477383254830e+002
1.09627167934865e+002
1.20179106518412e+002
1.01384526006651e+002
1.10800668759860e+002
1.20001643868415e+002
9.32005345811693e+001
1.03739214485989e+002
1.07415715728560e+002
1.11184840805694e+002
1.21122906730349e+002
8.49019392214999e+001
9.12581871409918e+001
9.67236433707372e+001
6.92465335530186e+001
8.18259051730133e+001
9.92652343038742e+001
1.00469372274432e+002
9.94104199721288e+001
6.83762338627841e+001
7.76433916220582e+001
1.05561973871223e+002
7.07204588455032e+001
8.08600426493812e+001
1.06670241976285e+002
8.83867482599247e+001
9.91366813886124e+001
7.51089014785693e+001
1.16534950834986e+002
7.99716065401163e+001
1.13816631581685e+002
9.93549470250027e+001
7.20483017271079e+001
7.99253184341097e+001
1.06611983666184e+002
7.08878807623528e+001
8.08904970440908e+001
1.06579695878270e+002
9.01769409326720e+001
9.91140909889031e+001
7.75496099398624e+001
8.50987475382691e+001
1.01887346731315e+002
6.94188347991067e+001
8.18446856936859e+001
1.00666211158244e+002
1.02662625473012e+002
1.42914108268724e+002
7.96157885557950e+001
8.74777416529737e+001
1.00327752042025e+002
6.87252001908581e+001
8.20433375405019e+001
9.71073336084310e+001
9.72138552112312e+001
9.94535180813351e+001
7.99327600817712e+001
8.81561142396599e+001
9.87666626610777e+001
6.87185853301218e+001
8.20878374968122e+001
9.39975084719943e+001
9.48381897245877e+001
9.90726050315762e+001
7.94726225762994e+001
8.79316278080801e+001
9.76940810247789e+001
6.90199295646865e+001
8.20959262407514e+001
9.20249238287010e+001
9.34965370754551e+001
9.89121831334104e+001
6.21536236072584e+001
7.11753492225323e+001
8.79379620994395e+001
8.18166977653740e+001
9.19642242805693e+001
1.01078934473329e+002
9.96808180348542e+001
9.76571156199122e+001
8.31552967779275e+001
8.47452403207713e+001
9.60516823890087e+001
8.08253141005250e+001
8.74120745916925e+001
9.92240272855086e+001
9.80561324661207e+001
1.13466084540138e+002
8.36490678829496e+001
9.23919941372165e+001
7.99796973065074e+001
9.67100710086836e+001
9.60080424573084e+001
8.97606649862057e+001
8.79520236702535e+001
9.70343004273249e+001
8.08939463263290e+001
8.71972101023324e+001
9.86155486448499e+001
9.75750143545116e+001
1.11665194244508e+002
9.31296969128041e+001
9.58724893358698e+001
1.02955850461979e+002
8.17987548538442e+001
9.15674768026974e+001
1.01180646769508e+002
9.96240362818639e+001
9.62025912929302e+001
9.38998474463201e+001
9.91277941529444e+001
1.06757191958792e+002
8.20090518566199e+001
9.37105779299808e+001
1.02661878852927e+002
1.01118594216656e+002
1.03207692515501e+002
9.35081042054335e+001
1.00315717704715e+002
1.08249575644773e+002
8.20548766121317e+001
9.46786159171587e+001
1.02723110695422e+002
1.02166385427598e+002
1.06353992920094e+002
9.26051663562367e+001
1.00421509156893e+002
1.08825599031787e+002
8.20722050729887e+001
9.50251856295195e+001
1.02480107877139e+002
1.02892901530528e+002
1.08336110840238e+002
7.35109930465393e+001
8.03452992100300e+001
8.90003324146591e+001
9.99183453237651e+001
1.01510677006461e+002
1.01032004299107e+002
9.90812560034136e+001
9.91787280562328e+001
9.66258387635961e+001
9.56655049900210e+001
9.51847578526143e+001
1.05927340451797e+002
9.89194057384710e+001
9.87035225466484e+001
9.84886291508651e+001
9.30675341936161e+001
1.00688330765678e+002
9.58268802079336e+001
1.13959011122132e+002
9.67420900272691e+001
9.90137230258544e+001
8.56427763743995e+001
1.01458241736807e+002
9.73670625666714e+001
1.07132672699429e+002
9.87423877629315e+001
9.84231168188077e+001
9.82838565621962e+001
9.19426699978547e+001
1.05074843402029e+002
1.04417922784355e+002
1.04288084216933e+002
1.00748353174634e+002
1.01213958871538e+002
1.00923623976388e+002
9.89511815953785e+001
9.85000003785275e+001
1.03531803747440e+002
1.05756275391440e+002
1.08848355820797e+002
9.66526189346544e+001
1.02363631036765e+002
1.03391261977410e+002
1.01049073225891e+002
1.03647738212864e+002
1.01926986220419e+002
1.06483298311789e+002
1.11508035395608e+002
9.39239319739178e+001
1.02695439830526e+002
1.05056584299856e+002
1.03513530264555e+002
1.07872310638984e+002
1.00330078609303e+002
1.06593732880694e+002
1.13053084611029e+002
9.21466926038961e+001
1.02633226089657e+002
1.06087188879226e+002
1.05629235752674e+002
1.11086987120407e+002
8.26428125241106e+001
8.66259388629594e+001
8.92292814111945e+001
1.01070444910742e+002
9.98897195136642e+001
9.89279108095361e+001
1.07378400504075e+002
1.17040370079553e+002
9.77375321803568e+001
1.03873450434985e+002
1.06600933572809e+002
8.82233233703403e+001
9.80182836422060e+001
9.80593721821636e+001
1.10990327358103e+002
1.18210416803831e+002
1.01160663399549e+002
1.10326861016434e+002
1.08694155611065e+002
9.60742890540393e+001
9.89079114362048e+001
1.19244410487388e+002
1.05290590708861e+002
1.15310751172214e+002
8.96251040126113e+001
9.78480388236836e+001
9.83930804806429e+001
1.11168616921058e+002
1.18264318494233e+002
1.04810096632598e+002
1.15562698301935e+002
1.17305021124498e+002
1.02876424101312e+002
9.96340603763309e+001
9.88997387611803e+001
1.07693472456938e+002
1.17264786917295e+002
1.03042937769439e+002
1.11584163414879e+002
1.17593909209694e+002
9.71210138807868e+001
1.01083545959563e+002
1.01078419038762e+002
1.07141004285371e+002
1.17321632020195e+002
1.01839956036189e+002
1.10438708500762e+002
1.18009221678384e+002
9.48415418161844e+001
1.02235368816139e+002
1.03600551664165e+002
1.08029578550117e+002
1.18087123533203e+002
1.00950414276133e+002
1.09849412262913e+002
1.18282977584913e+002
9.35769204471274e+001
1.03006647831406e+002
1.05589900836770e+002
1.09395362973377e+002
1.19115554693677e+002
8.51543998534079e+001
9.05417268971709e+001
9.50738954215244e+001
1.00653988127280e+002
9.78981726469799e+001
9.89788739611397e+001
1.17050197497690e+002
1.29946901900842e+002
9.89211635678191e+001
1.14613241981485e+002
1.22169691679766e+002
9.90919798555657e+001
1.13530098467026e+002
9.20859645397161e+001
1.18229631557322e+002
1.28566658712471e+002
9.53392865410081e+001
1.19788715147607e+002
1.27286045144053e+002
9.93536563553296e+001
8.53907169266030e+001
1.19250302956188e+002
9.07619955279900e+001
1.25353894995059e+002
9.91168066071290e+001
1.11559552553973e+002
9.20699834911869e+001
1.18246330732935e+002
1.28478332953790e+002
9.94108989878907e+001
1.23959454795078e+002
1.32665871030392e+002
1.39743014262642e+002
9.60309619434387e+001
9.83392471016520e+001
1.17227525536960e+002
1.29917901387151e+002
1.03435938546795e+002
1.21323093755963e+002
1.30850825178961e+002
9.93649014036584e+001
1.03157044007136e+002
1.03597688018950e+002
1.17279594342390e+002
1.30809892136832e+002
1.05372910953520e+002
1.19953786734710e+002
1.30196586508653e+002
9.91144533887996e+001
1.06453091918935e+002
1.07927523439026e+002
1.17988051222727e+002
1.31389400973456e+002
1.06167642294589e+002
1.19002575382400e+002
1.29650676270417e+002
9.90174670210084e+001
1.08469861605985e+002
1.11030767874430e+002
1.19071057813398e+002
1.31888281388048e+002
9.13973499912345e+001
9.93087777108783e+001
1.05953434238919e+002
8.02749744064437e+001
9.45627182564860e+001
1.03733297183174e+002
1.03594685586187e+002
1.05065958701011e+002
8.46350215459823e+001
9.27537086386756e+001
1.02655644623292e+002
7.78452477967881e+001
9.33949077267995e+001
1.05341786120437e+002
1.05000892761704e+002
1.00973873620947e+002
8.37539221283567e+001
9.08963482142681e+001
1.00556038881844e+002
7.20408874111269e+001
8.97515700180179e+001
1.05454881076363e+002
9.13411908842965e+001
8.97402961757873e+001
9.91542282509079e+001
8.32029868484932e+001
1.00326538317429e+002
1.01109002669987e+002
9.46347252760038e+001
8.31859890875455e+001
8.98876098947252e+001
9.87820106911111e+001
6.71677193203598e+001
8.18628238336147e+001
9.55259051387315e+001
9.66965671141188e+001
9.70085102501037e+001
8.28797576941429e+001
9.01572701130959e+001
9.88997302891432e+001
6.94525438236484e+001
8.25921651723619e+001
9.32787839028636e+001
9.42837042371396e+001
9.79479754993276e+001
8.22015662339974e+001
9.00356778648650e+001
9.85380508283793e+001
7.06038295177536e+001
8.31814918814411e+001
9.18303190004775e+001
9.31976257057032e+001
9.85157590279546e+001
8.14057609790410e+001
8.95647966013529e+001
9.81132920506501e+001
7.12889273272538e+001
8.35116519370729e+001
9.10221814685248e+001
9.28081231697356e+001
9.89741938726371e+001
7.25361994808149e+001
8.36295465550064e+001
9.67095991626614e+001
8.83019340944547e+001
1.00036774083955e+002
1.06139849395191e+002
1.11887201050407e+002
1.21750735590699e+002
9.21008392617596e+001
1.01230937735895e+002
1.10861405646485e+002
8.54702920914530e+001
9.63667190023757e+001
1.04716657443519e+002
1.15587161809145e+002
1.24114481988695e+002
9.04907652519747e+001
9.96007816938361e+001
1.08876214761150e+002
7.99256477422981e+001
8.79555192307247e+001
1.01376138496897e+002
1.25347170034174e+002
8.96744975744138e+001
1.07973927911777e+002
7.46035066037748e+001
9.51838692619426e+001
1.10041834618536e+002
1.19429121667816e+002
9.01527296810903e+001
9.89172376740195e+001
1.07771987163979e+002
7.61178989307735e+001
8.30078163116563e+001
9.41006025530292e+001
1.02674070197266e+002
1.13347045601358e+002
9.07024525688725e+001
9.91488299279181e+001
1.08106682476361e+002
7.88187858584882e+001
8.84039784744181e+001
9.56866854216293e+001
1.00675989727953e+002
1.10527441018408e+002
9.07671246078560e+001
9.93901064865110e+001
1.08249046264159e+002
8.03077490306545e+001
9.10310959714813e+001
9.70113003354541e+001
1.00594148650368e+002
1.09717762831865e+002
9.04327113079169e+001
9.92506559211125e+001
1.08216322958562e+002
8.09973449863457e+001
9.23534479886910e+001
9.79670333340705e+001
1.01118682511403e+002
1.09794809995822e+002
8.29299425980702e+001
9.34789008504203e+001
1.04918556164419e+002
1.00227871046155e+002
1.07329197004289e+002
1.09251296449453e+002
1.17920868326325e+002
1.31109383100098e+002
1.00728192546226e+002
1.10125138347342e+002
1.18597051777717e+002
1.01538829826913e+002
1.03457433578342e+002
1.04748954943278e+002
1.17536666963134e+002
1.32747558789764e+002
9.94017224808393e+001
1.08545597771936e+002
1.15776425759724e+002
1.06015030751960e+002
9.68329624668566e+001
9.73128303882466e+001
1.15336741771280e+002
9.90008293721489e+001
1.07882870887754e+002
1.16959561724232e+002
9.10510347804872e+001
1.08308731948574e+002
1.27068804122282e+002
9.92386324616635e+001
1.07722307339424e+002
1.14858642782521e+002
1.03863304225116e+002
9.30349823056756e+001
9.29232561556012e+001
1.05204512805612e+002
1.20975492564420e+002
9.97079581417853e+001
1.08188196289190e+002
1.16145800190149e+002
9.71291280710921e+001
9.73173526934003e+001
9.78353005330272e+001
1.05586216681197e+002
1.18832346488275e+002
9.99735887731604e+001
1.08729171289710e+002
1.17182810903142e+002
9.44104162831844e+001
1.00223187763608e+002
1.01730344993347e+002
1.07080427022671e+002
1.18625400025768e+002
9.98218514965051e+001
1.08848418215051e+002
1.17701827405324e+002
9.30705882948775e+001
1.01817794861127e+002
1.04394531402282e+002
1.08726188514246e+002
1.19193628648037e+002
9.43886321659185e+001
1.04019278385645e+002
1.13531804082130e+002
6.87874749592979e+001
8.21616496580753e+001
9.60270395677757e+001
9.66635644958444e+001
9.91000364825669e+001
7.07002478971805e+001
8.02737369667152e+001
9.93426377548495e+001
6.93461419924485e+001
8.18048112003230e+001
1.00766221372283e+002
1.02028598643674e+002
1.02922810273135e+002
6.75959352616672e+001
7.66228883282559e+001
1.05423375710057e+002
7.08837993805726e+001
8.08830387682398e+001
1.07076844107068e+002
8.96814688032722e+001
9.91379674175924e+001
7.45813200356207e+001
1.18416900716117e+002
8.01469623365854e+001
1.14529255753588e+002
9.94508647625935e+001
7.18162219792496e+001
7.95976431923087e+001
1.07235594022714e+002
7.09664022374407e+001
8.10076041812867e+001
1.07409144699064e+002
9.03083183516418e+001
9.91662201288658e+001
7.73035612121041e+001
8.46747823495208e+001
1.02266005724034e+002
6.93609738002191e+001
8.17778578135316e+001
1.01357814927920e+002
1.03051885202393e+002
1.26959048539739e+002
7.91030271213956e+001
8.69606159713121e+001
9.94104199903870e+001
6.87405138581992e+001
8.20834597894201e+001
9.66614318987948e+001
9.71249989840431e+001
9.94688003450894e+001
7.91203834344104e+001
8.73933258521139e+001
9.79707602799842e+001
6.87090921111959e+001
8.21170266049872e+001
9.38249672091444e+001
9.48242575410751e+001
9.90490125456705e+001
7.08484290806817e+001
8.05495070990920e+001
9.44452938856736e+001
8.21449169208383e+001
9.40130986653642e+001
1.02177482165178e+002
1.01082440342908e+002
1.03288938707777e+002
8.39814765316037e+001
8.99950418294836e+001
9.98488472729407e+001
8.17560602506244e+001
9.17130966469864e+001
1.01600391651118e+002
9.98895094999046e+001
9.74043782639444e+001
8.23306834202105e+001
8.35726041624956e+001
9.44748582743080e+001
8.08864949281819e+001
8.71943760720189e+001
9.87709346024073e+001
9.77959840475887e+001
1.11615959724756e+002
8.32134620757036e+001
9.12871390545359e+001
8.01580620010592e+001
9.65072692849820e+001
9.50683753133167e+001
8.95497012065053e+001
8.75483558650042e+001
9.64927256292534e+001
8.09595313717791e+001
8.71908185153222e+001
9.86791503156308e+001
9.74471241872678e+001
1.11542742373265e+002
9.28469161940525e+001
9.54679363980789e+001
1.02872050469167e+002
8.17359385337751e+001
9.15206538222076e+001
1.01519065370949e+002
9.96771402813623e+001
9.63812657190009e+001
9.32534085687043e+001
9.85575914979471e+001
1.05944573502497e+002
8.20345432705943e+001
9.37984222492692e+001
1.02467111699213e+002
1.01153520833593e+002
1.03306591511689e+002
9.25683542735615e+001
9.94510308936522e+001
1.07351851436906e+002
8.20699538824734e+001
9.47459666926888e+001
1.02603777089733e+002
1.02116586274600e+002
1.06170302743393e+002
8.34642862518769e+001
9.13625927426259e+001
1.00532311419498e+002
9.61399364641729e+001
1.02344803992633e+002
1.03014042636477e+002
1.01108212166586e+002
1.03934340886602e+002
9.42131707222694e+001
9.69414363881818e+001
9.99535939103148e+001
9.97890461652653e+001
1.01079109431963e+002
1.01095424503899e+002
9.91881900729222e+001
9.92440801067621e+001
9.57278769443926e+001
9.45609997554178e+001
9.39064712694144e+001
1.06035578924294e+002
9.84070687253635e+001
9.83958716290049e+001
9.85519232607186e+001
9.25602606136786e+001
1.00199197695784e+002
9.51214512772523e+001
1.13676374745572e+002
9.62945838350910e+001
9.93280608331810e+001
8.50982384078607e+001
1.01045305084404e+002
9.68298482252255e+001
1.06351344302650e+002
9.82032052829926e+001
9.82604104994230e+001
9.85514589497947e+001
9.21453171118570e+001
1.04471139506425e+002
1.04008019709712e+002
1.03947880104859e+002
1.00025769871944e+002
1.00787017994968e+002
1.00812798287707e+002
9.89493535997228e+001
9.87928872311627e+001
1.02446283308571e+002
1.04969867333977e+002
1.08041642979413e+002
9.61320531570653e+001
1.02099248561851e+002
1.03132487956980e+002
1.01009289113634e+002
1.03793467107109e+002
1.00613621519264e+002
1.05324361678213e+002
1.10412606897336e+002
9.35907470882218e+001
1.02449606746555e+002
1.04713315201577e+002
1.03317006436369e+002
1.07631154320846e+002
9.19329171395896e+001
9.72257672094187e+001
1.02088212243431e+002
9.68019052626324e+001
1.01142165632724e+002
1.00867070426276e+002
1.06980659614374e+002
1.17143463730381e+002
9.55913662337797e+001
1.02099933475677e+002
1.07254299669673e+002
1.01628273165040e+002
9.96994560336951e+001
9.88474834547326e+001
1.07631222202919e+002
1.17241281106176e+002
9.69519297722700e+001
1.03178132335243e+002
1.05732535488632e+002
9.01849109976221e+001
9.75706246093333e+001
9.81267853491774e+001
1.11148752398242e+002
1.18260084299608e+002
1.00903138279334e+002
1.10021722358726e+002
1.08247923636972e+002
9.51282160484729e+001
9.90572113415464e+001
1.19244029434061e+002
1.05168744054653e+002
1.14976421977931e+002
9.05487468193390e+001
9.72650269066989e+001
9.81589155765833e+001
1.11150401009817e+002
1.18228856616844e+002
1.04128776779546e+002
1.15159459871885e+002
1.16897689804740e+002
1.02342457145852e+002
9.94914146474537e+001
9.87613327582673e+001
1.07574231650322e+002
1.17175803987185e+002
1.02029587873218e+002
1.10822434895186e+002
1.16850574354930e+002
9.68300342664405e+001
1.01062932176520e+002
1.01077525598210e+002
1.06961176273710e+002
1.17141341470791e+002
1.00674229673253e+002
1.09224820563062e+002
1.16866741064595e+002
9.46843684233375e+001
1.02081307042872e+002
1.03317428089136e+002
1.07822053077971e+002
1.17802668902473e+002
9.32729836349778e+001
1.00720928450199e+002
1.07323058457397e+002
9.93688611027965e+001
1.03384584962907e+002
1.03594173129363e+002
1.17173790457017e+002
1.30758798503176e+002
9.96842485171678e+001
1.12164851512920e+002
1.20419449747183e+002
1.03330275655890e+002
9.72484124171972e+001
9.84507317036312e+001
1.17267748377124e+002
1.29955557642869e+002
9.75783014273490e+001
1.13997163884017e+002
1.21465971122612e+002
9.91255480245409e+001
1.11715909442242e+002
9.16592291258050e+001
1.18266769897757e+002
1.28484414269935e+002
9.42587687323265e+001
1.19432056252649e+002
1.27044337397229e+002
9.94531645421160e+001
8.42201728698050e+001
1.19238876737694e+002
8.77812171668838e+001
1.25060944244076e+002
9.91967673377744e+001
1.11725306016861e+002
9.12195583078354e+001
1.18245127467749e+002
1.28461962112801e+002
9.75011895444950e+001
1.23527361686855e+002
1.32350230772154e+002
1.21280905482351e+002
9.63500541576676e+001
9.83858795897650e+001
1.17199979401495e+002
1.29877859438425e+002
1.02394562350487e+002
1.20524814222397e+002
1.30182750429383e+002
9.93909128999547e+001
1.03423619009654e+002
1.03817048026285e+002
1.17112270464909e+002
1.30698330920819e+002
1.04215085929548e+002
1.18585019649041e+002
1.29018768473231e+002
9.90547082095663e+001
1.06283946782198e+002
1.07644623489368e+002
1.17846585764709e+002
1.31239853195901e+002
9.85630016927666e+001
1.09750108444017e+002
1.18753649068069e+002
8.09403865937713e+001
9.46782735518802e+001
1.02812247780768e+002
1.03118991742706e+002
1.07219976786888e+002
8.45010373422487e+001
9.33514080554558e+001
1.03428296673696e+002
7.99364356443107e+001
9.42823057713153e+001
1.04042642437625e+002
1.03661857822515e+002
1.04894998654738e+002
8.36513728154295e+001
9.16557568719382e+001
1.01300546294049e+002
7.75338981511194e+001
9.31017166429479e+001
1.05039127321822e+002
1.04948672717418e+002
1.00035149573190e+002
8.31701669740607e+001
9.02053588562970e+001
9.94572134633771e+001
7.18096002963112e+001
8.95243198414225e+001
1.05433233478916e+002
8.92140266565232e+001
8.93068930068457e+001
9.85441694375756e+001
8.29347369021505e+001
1.00139148494441e+002
1.01026909987801e+002
9.40847958730850e+001
8.26361411791277e+001
8.93259007111738e+001
9.83240830115094e+001
6.69209693116285e+001
8.15273959688356e+001
9.53562252210913e+001
9.62835613771784e+001
9.66377744122211e+001
8.19670706750550e+001
8.92847060841799e+001
9.77715643239986e+001
6.92846631675213e+001
8.23465956501441e+001
9.26391615546568e+001
9.37698619897587e+001
9.74796366962697e+001
8.10378299468923e+001
8.88586675165970e+001
9.73064208282857e+001
7.03793854074994e+001
8.28839448875816e+001
9.12586581491683e+001
9.27080389881766e+001
9.79727396488749e+001
8.46783701975516e+001
9.56858788237714e+001
1.08065528705243e+002
8.92179719073055e+001
1.01471409055826e+002
1.07213390344217e+002
1.11319330665421e+002
1.20992224903689e+002
9.24017161370409e+001
1.01912563587020e+002
1.11793164261348e+002
8.79071342815648e+001
9.96143088221672e+001
1.06173382799691e+002
1.11919002145582e+002
1.21763817333245e+002
9.09550636092211e+001
1.00051963715623e+002
1.09426596820690e+002
8.50720922716644e+001
9.58465972567863e+001
1.04269542367185e+002
1.15537963515020e+002
1.23980984357034e+002
8.97900546466549e+001
9.88974087253485e+001
1.07824069550410e+002
7.95831101741087e+001
8.75487219579353e+001
1.01011461901594e+002
1.25073239757265e+002
8.91886372122000e+001
1.07369642041750e+002
7.41591144464861e+001
9.49137381852766e+001
1.09748582900206e+002
1.18962421431399e+002
8.94268570136068e+001
9.82620394159155e+001
1.07240266946205e+002
7.56783948742404e+001
8.27345896028294e+001
9.40521208729298e+001
1.02310276602436e+002
1.12784067217748e+002
8.96822308955483e+001
9.82286007818423e+001
1.07009604325053e+002
7.85266784317674e+001
8.82428766950627e+001
9.53057268923595e+001
1.00219004347018e+002
1.09889948684677e+002
8.95098183101246e+001
9.80844734544921e+001
1.06893530360544e+002
7.99685543297690e+001
9.07370562065044e+001
9.65144340463659e+001
1.00104588895668e+002
1.09046199141868e+002
9.56994681142562e+001
1.06758446083274e+002
1.18565166016238e+002
9.95547827221233e+001
1.09245238238753e+002
1.12144188699068e+002
1.18770080414692e+002
1.30991703048589e+002
1.00932534425158e+002
1.10792598201890e+002
1.20097188393435e+002
1.00056221403460e+002
1.06897269623676e+002
1.09064543863494e+002
1.17870883992833e+002
1.31134251193165e+002
9.94500897069371e+001
1.08865497474903e+002
1.17172940345981e+002
1.01557898882572e+002
1.02767945345441e+002
1.04118476250930e+002
1.17277129484972e+002
1.32670290907661e+002
9.85859450379946e+001
1.07653746021262e+002
1.14856848850331e+002
1.06434311828404e+002
9.62112040735739e+001
9.66926884014108e+001
1.15002676702029e+002
9.82688271100394e+001
1.07225896288131e+002
1.17682525947516e+002
9.06361701407354e+001
1.07960834932228e+002
1.26759578195963e+002
9.83581137509739e+001
1.07140833817081e+002
1.14313566308276e+002
1.03273276855547e+002
9.30648331172870e+001
9.28372973079863e+001
1.04876850778416e+002
1.20546657812281e+002
9.86742723874874e+001
1.07332595134164e+002
1.15254600405747e+002
9.66484044471011e+001
9.73965117706339e+001
9.78310203505198e+001
1.05286115086286e+002
1.18346959307968e+002
9.87487294934472e+001
1.07431566358032e+002
1.15887900193526e+002
9.40718932760327e+001
1.00056672199602e+002
1.01425436576166e+002
1.06753867818932e+002
1.18085784735620e+002
1.08533595204782e+002
1.18932483748954e+002
1.29780869504039e+002
6.88189145043041e+001
8.21863336046855e+001
9.35667412548852e+001
9.46430298725800e+001
9.89283224459394e+001
7.17993948562559e+001
8.16469481631548e+001
9.64636567220486e+001
6.87849961411676e+001
8.21179774594861e+001
9.68694144769124e+001
9.70846347074935e+001
9.93465454662929e+001
6.99289886080621e+001
7.93813293271584e+001
9.84989170958985e+001
6.94152631129042e+001
8.18074670076474e+001
1.00745656026770e+002
1.02896391754524e+002
1.42560520682867e+002
6.71672205082986e+001
7.61430201617611e+001
1.04712214327364e+002
7.09674046533003e+001
8.09856371097380e+001
1.06951708219857e+002
9.05594128486167e+001
9.91633586623592e+001
7.41653522098522e+001
1.19979730154356e+002
8.00693364412780e+001
1.15327558047903e+002
9.93653461365223e+001
7.15473212701039e+001
7.90479643219754e+001
1.07723571355736e+002
7.07609172678293e+001
8.07410509862131e+001
1.07972805599817e+002
8.91170469905097e+001
9.89510999375559e+001
7.67562462996585e+001
8.41064140384296e+001
1.00589444517512e+002
6.92235921578730e+001
8.16481003993874e+001
1.00132284317557e+002
1.01784069810474e+002
1.03052547147214e+002
7.81793338018029e+001
8.61124905720832e+001
9.83246725452012e+001
6.85965508336094e+001
8.19661262428203e+001
9.61165118221005e+001
9.67353017709788e+001
9.91495486063340e+001
8.13418900548912e+001
8.95979275660151e+001
9.97233276543238e+001
8.21989649704804e+001
9.48241211511758e+001
1.02359358304207e+002
1.02035208552315e+002
1.06196969946260e+002
8.45389013091028e+001
9.24385547207660e+001
1.02271069812876e+002
8.20970858783242e+001
9.38497410432428e+001
1.02620874030642e+002
1.01156170768987e+002
1.03255484606582e+002
8.31160910591665e+001
8.89424394541767e+001
9.83898332573066e+001
8.18212470996286e+001
9.15544476620756e+001
1.01198738444689e+002
9.96326478872663e+001
9.60523914214299e+001
8.18553872284572e+001
8.30042725780022e+001
9.32990857157632e+001
8.09918671955000e+001
8.71919281047978e+001
9.84314554753722e+001
9.72786512961591e+001
1.11690395136196e+002
8.29342339547946e+001
9.10056443397737e+001
8.00564045351086e+001
9.66646940123711e+001
9.51916015437039e+001
8.92531914046587e+001
8.72222257618846e+001
9.67071047933770e+001
8.07589774919716e+001
8.71504553176642e+001
9.91091596712639e+001
9.78227418258328e+001
1.11796313883203e+002
9.22221725128144e+001
9.50324378172626e+001
1.02142284902186e+002
8.16539730947389e+001
9.16325686545598e+001
1.01322758988118e+002
9.98803179011134e+001
9.75697748988362e+001
9.22960750116512e+001
9.78067643429384e+001
1.05151727036233e+002
8.19704632563151e+001
9.39022975855112e+001
1.02386313715767e+002
1.01137819776766e+002
1.03190947224098e+002
9.51077329912649e+001
1.01863867414751e+002
1.09440378779304e+002
9.38143947072222e+001
1.02628475511150e+002
1.04584030174080e+002
1.03348058545658e+002
1.07690439219110e+002
9.31377764053354e+001
9.83363455321623e+001
1.03557469887986e+002
9.63601826429539e+001
1.02291806827497e+002
1.03287169143031e+002
1.01082534576111e+002
1.03704579807853e+002
9.34179059457669e+001
9.59341430789385e+001
9.85452059315681e+001
1.00342107008957e+002
1.01006184492879e+002
1.00837778149030e+002
9.89443525095338e+001
9.84648589212065e+001
9.53865968171167e+001
9.39815060197724e+001
9.29797142310471e+001
1.06779497515291e+002
9.84396088574079e+001
9.82682654883866e+001
9.82903036150910e+001
9.15331921904324e+001
1.00010380095608e+002
9.47756932386878e+001
1.14103061126816e+002
9.63749066173319e+001
9.89908091391637e+001
8.41656845523652e+001
1.00704747027667e+002
9.66393369568664e+001
1.06120787160680e+002
9.84616554911563e+001
9.83405328729892e+001
9.82535590923826e+001
9.20828018405764e+001
1.03738556452607e+002
1.03407885532920e+002
1.03417773491753e+002
9.97669400319705e+001
1.01069630195399e+002
1.01010570188367e+002
9.89821304610485e+001
9.89089384495496e+001
1.01499323756361e+002
1.04137628220393e+002
1.07235818823295e+002
9.60637415268712e+001
1.02307835808890e+002
1.03212380510480e+002
1.00994867204396e+002
1.03587532781848e+002
1.03525376240125e+002
1.07854768319559e+002
1.12624576987584e+002
9.48740879202546e+001
1.02248341331230e+002
1.03252302973279e+002
1.07989327042428e+002
1.18012012536635e+002
9.47539099799923e+001
1.02203524447690e+002
1.08946433229096e+002
9.69970553317192e+001
1.01153225742470e+002
1.01037275856586e+002
1.07192703542200e+002
1.17331364958939e+002
9.47532589763586e+001
1.01254494058519e+002
1.06255575325134e+002
1.02650508443946e+002
9.95778252643413e+001
9.88519919650699e+001
1.07693620548215e+002
1.17249819466395e+002
9.66205001283510e+001
1.02653407885115e+002
1.05152550365333e+002
9.02783070625346e+001
9.73623518454793e+001
9.83231197662376e+001
1.11155729717664e+002
1.18267584793047e+002
1.00858760524187e+002
1.09759928162517e+002
1.07901262794361e+002
9.51819327922840e+001
9.87447629658138e+001
1.19312408350022e+002
1.04407370692327e+002
1.14689466924369e+002
8.95368665442969e+001
9.77681321113027e+001
9.80507569085032e+001
1.11096770018743e+002
1.18262966791663e+002
1.03222944152174e+002
1.14575646110662e+002
1.16444306198272e+002
1.01671580955054e+002
9.98874031813473e+001
9.91753595101002e+001
1.07496858849703e+002
1.17118335776628e+002
1.01138888903308e+002
1.09788298509650e+002
1.15948702673521e+002
9.68529339420210e+001
1.01216390044124e+002
1.01118500775497e+002
1.06928703806727e+002
1.17021118861047e+002
1.03778181451374e+002
1.11873341294430e+002
1.19170459210427e+002
9.91954872351792e+001
1.06420184336288e+002
1.07575479820665e+002
1.18020415608336e+002
1.31400035369768e+002
1.00282442034911e+002
1.11553603062725e+002
1.20502618770501e+002
9.94126115884886e+001
1.03337700124765e+002
1.03506460061049e+002
1.17364196618760e+002
1.30860872687316e+002
9.85065835893262e+001
1.11273471636870e+002
1.19498699495001e+002
1.43248342649762e+002
9.61696381877655e+001
9.83484804065128e+001
1.17268524801109e+002
1.29926217934379e+002
9.68671440874791e+001
1.13348501207327e+002
1.20954821422294e+002
9.91625238672422e+001
1.11575582528518e+002
9.16717222984517e+001
1.18236445673541e+002
1.28463225787819e+002
9.35994308827135e+001
1.18970297898553e+002
1.26726630916317e+002
9.93675095181619e+001
8.36385385953621e+001
1.19296084067832e+002
8.58898619076317e+001
1.24662539558301e+002
9.89445573282783e+001
1.11667837503007e+002
9.17119384238230e+001
1.18203389738211e+002
1.28460075769692e+002
9.68304015439406e+001
1.22664356719870e+002
1.31759303503400e+002
1.03499893060163e+002
9.78021518131519e+001
9.90693178785205e+001
1.16991867160872e+002
1.29814620003443e+002
1.01444497584379e+002
1.19048039143370e+002
1.29029256638742e+002
9.93103245662451e+001
1.03307641525451e+002
1.03674789807523e+002
1.16980357434686e+002
1.30616248849615e+002
1.07827818263917e+002
1.21540351876628e+002
1.31388824654802e+002
8.10400663295114e+001
9.44093587458753e+001
1.01877638665274e+002
1.02758066883864e+002
1.08254254903504e+002
8.42816234721122e+001
9.35672623887777e+001
1.03709111120204e+002
8.05490834008793e+001
9.42756425631617e+001
1.02878399113237e+002
1.02778319509522e+002
1.06513599150015e+002
8.33252801231464e+001
9.20373189618494e+001
1.01766107215519e+002
7.96241013934109e+001
9.39159638314340e+001
1.03544800536007e+002
1.03130457677455e+002
1.03590821352014e+002
8.28973750967820e+001
9.07519485043834e+001
9.98994973810999e+001
7.73096214155110e+001
9.28560239050282e+001
1.04601718286501e+002
1.04234904138740e+002
9.78635045343987e+001
8.26522781282493e+001
8.94854212363074e+001
9.85936624881279e+001
7.15497296917302e+001
8.92580862353034e+001
1.04595410313489e+002
8.64981359396477e+001
8.85489205297722e+001
9.78643784118761e+001
8.26760060467611e+001
9.97690392832748e+001
1.00037663407235e+002
9.29993154761508e+001
8.18566379912650e+001
8.84217206597686e+001
9.70121986917154e+001
6.69691501855060e+001
8.14120518807356e+001
9.45978740364276e+001
9.54739817846245e+001
9.58551658925052e+001
8.08929637137075e+001
8.81650041789005e+001
9.65034244871955e+001
6.92287497800061e+001
8.21813711374932e+001
9.20424513433638e+001
9.31425382981100e+001
9.67658827711913e+001
9.81328146481719e+001
1.05930576508830e+002
1.14733898991867e+002
8.94583326407686e+001
1.02114956138049e+002
1.07933201592029e+002
1.11492618124559e+002
1.20933033170967e+002
9.24982939990921e+001
1.02425080773941e+002
1.12622562223668e+002
8.87638751662611e+001
1.01013955129605e+002
1.07191084716202e+002
1.11139976486496e+002
1.20759796295976e+002
9.11149529485459e+001
1.00587062209210e+002
1.10255096133459e+002
8.74803875798434e+001
9.91191562931753e+001
1.05682744160288e+002
1.11591036749567e+002
1.21358834486114e+002
9.01259594139414e+001
9.91588056095200e+001
1.08281048247240e+002
8.46839508891448e+001
9.54802966799139e+001
1.03984597832878e+002
1.15175167396116e+002
1.23563200761799e+002
8.92539920177404e+001
9.82854842433181e+001
1.07258605438298e+002
7.90822418608515e+001
8.72559543731899e+001
1.00704643207926e+002
1.24679500866176e+002
8.84680662918562e+001
1.07038990805271e+002
7.39361984089098e+001
9.49838739410936e+001
1.09375863528410e+002
1.18410055340295e+002
8.85850008333000e+001
9.76178762115864e+001
1.06312733170166e+002
7.57386413564851e+001
8.29618090461704e+001
9.38134629236264e+001
1.01858473854820e+002
1.12123388660406e+002
8.86584763463605e+001
9.71552630654915e+001
1.05859377301509e+002
7.84878945355513e+001
8.82908172952598e+001
9.50277183958940e+001
9.98200673486694e+001
1.09276255410404e+002
1.09796095177678e+002
1.18220095562560e+002
1.27686645766492e+002
9.93580751203934e+001
1.10653762953940e+002
1.14463110890383e+002
1.19910573865791e+002
1.31412466687894e+002
1.01312855416578e+002
1.11620976555725e+002
1.21531037221208e+002
9.95737177203007e+001
1.09135676749892e+002
1.12273860273760e+002
1.18743295921954e+002
1.30919081210784e+002
9.98101164738476e+001
1.09621729800760e+002
1.18709586373623e+002
1.00308052839732e+002
1.06731843721755e+002
1.08752177112230e+002
1.17585177942607e+002
1.30856392455558e+002
9.88386897199339e+001
1.08097036977410e+002
1.16186347315194e+002
1.02225440688213e+002
1.02857855414098e+002
1.03887329623970e+002
1.16900108003461e+002
1.32350231473223e+002
9.82142653430515e+001
1.07229703155425e+002
1.14305947235491e+002
1.07778184218273e+002
9.66850791181641e+001
9.65605439117716e+001
1.14647701714251e+002
9.77959204154789e+001
1.07021488374221e+002
1.19358037820374e+002
9.16103845076354e+001
1.07500186204462e+002
1.26222198593344e+002
9.78385823997533e+001
1.06655759619952e+002
1.13734736877909e+002
1.03796183603406e+002
9.39678982590478e+001
9.32590302080365e+001
1.04608829737479e+002
1.19986558807844e+002
9.80005580092497e+001
1.06421400667824e+002
1.14281979352366e+002
9.70227779731460e+001
9.79146167121363e+001
9.80187668915268e+001
1.05151461696541e+002
1.17861758728996e+002
1.25958565955678e+002
1.32128004127474e+002
1.40779636130911e+002
6.90886625134586e+001
8.21322104775927e+001
9.17600554336726e+001
9.33593232217840e+001
9.88550549334439e+001
7.24350359928420e+001
8.22612375258503e+001
9.48950116596419e+001
6.87137157443670e+001
8.20777351938261e+001
9.40795769319394e+001
9.48228209222385e+001
9.90539374773823e+001
7.09805948147362e+001
8.07518628949429e+001
9.54416282716633e+001
6.87244680252806e+001
8.20143884707284e+001
9.66393538017687e+001
9.71287404139670e+001
9.93630459783077e+001
6.94495168023355e+001
7.88315138903516e+001
9.74463057300598e+001
6.93665090931766e+001
8.17533189034121e+001
1.00301515071791e+002
1.02296630976882e+002
1.21076235114184e+002
6.69217814552022e+001
7.56814883212751e+001
1.04274751761553e+002
7.07588222154269e+001
8.07676217286734e+001
1.06838841823282e+002
8.95007639167123e+001
9.89501232255040e+001
7.39123090198470e+001
1.19388327591906e+002
7.98941841114401e+001
1.15432945639115e+002
9.92556551051330e+001
7.13220977425881e+001
7.89308798339808e+001
1.04293388889199e+002
7.06382505480185e+001
8.07707122433693e+001
1.05470526497161e+002
8.78353970252243e+001
9.89683591659781e+001
7.60168709451361e+001
8.35556645068582e+001
9.93858728577671e+001
6.90765329670300e+001
8.16727414828354e+001
9.93972118377714e+001
1.00671954206981e+002
1.00226632097936e+002
9.12884141734499e+001
9.71112104941391e+001
1.03907893615643e+002
8.21698316100139e+001
9.50735208151898e+001
1.02214524107290e+002
1.02820334832292e+002
1.08377541868989e+002
8.48536599432249e+001
9.37498749983118e+001
1.03762501201729e+002
8.20797266921153e+001
9.46891483595811e+001
1.02783015759572e+002
1.02189821158257e+002
1.06385882650887e+002
8.36267585904160e+001
9.14718158699395e+001
1.01061820191205e+002
8.20488887598738e+001
9.37100942806737e+001
1.02328530670994e+002
1.01087347972634e+002
1.03172620442844e+002
8.25915488311216e+001
8.84205670660525e+001
9.74926330692884e+001
8.17861083994790e+001
9.15416956699165e+001
1.00943219501197e+002
9.94945701082876e+001
9.63496409846352e+001
8.15292738041197e+001
8.27598662435171e+001
9.33413514446634e+001
8.07622555379762e+001
8.71784799070942e+001
9.87158926696176e+001
9.77470051985831e+001
1.11658742511925e+002
8.26979497509580e+001
9.16334037245698e+001
7.99108800644655e+001
9.72250887479227e+001
9.63461588935540e+001
8.87993920460187e+001
8.72509269808463e+001
9.61662545109892e+001
8.07928712802423e+001
8.74082150028711e+001
9.88674578906222e+001
9.82296339447195e+001
1.13842682205941e+002
9.13416096936336e+001
9.45739001234135e+001
1.01584723016758e+002
8.16935347231007e+001
9.19323313985574e+001
1.01350206565515e+002
9.98488170955430e+001
9.77944221012280e+001
1.05936477447049e+002
1.10437020523261e+002
1.15702298083791e+002
9.25168940121856e+001
1.02963129937759e+002
1.06114055321386e+002
1.05848407422394e+002
1.11392309753764e+002
9.29148293286719e+001
9.98726584226485e+001
1.06747073754969e+002
9.42792873757485e+001
1.03000124598817e+002
1.05314324283601e+002
1.03766845986478e+002
1.08098016188549e+002
9.25920832379911e+001
9.77271229239272e+001
1.02659945359631e+002
9.70992767185554e+001
1.02668099738913e+002
1.03390481498442e+002
1.01171130829930e+002
1.03747580714079e+002
9.32836285981853e+001
9.57385277685282e+001
9.79869897061634e+001
1.01311720932603e+002
1.01515888147804e+002
1.00903162467536e+002
9.88543752384319e+001
9.85802916340337e+001
9.53440177150391e+001
9.40821545844340e+001
9.29038867896417e+001
1.07961848182254e+002
9.90622658821661e+001
9.83975436376279e+001
9.81614289455276e+001
9.21142290127355e+001
9.98163692422064e+001
9.50544279629192e+001
1.15366837265632e+002
9.71720977847138e+001
9.88549862426964e+001
8.59762954310966e+001
1.00739979975320e+002
9.67341179094945e+001
1.06602797962759e+002
9.93039477750867e+001
9.88963029200065e+001
9.85732085526070e+001
9.32284518161057e+001
1.03354153336984e+002
1.03234997818280e+002
1.03280636481369e+002
1.00330770307482e+002
1.01927956415326e+002
1.01612044052620e+002
9.93276347235223e+001
9.92127165620023e+001
1.15560341839084e+002
1.17140584084046e+002
1.20438105297744e+002
9.36839924120891e+001
1.03086352879678e+002
1.05422214078338e+002
1.09449225204005e+002
1.19210157454790e+002
9.44927220907972e+001
1.02872367803065e+002
1.10774321048229e+002
9.48888196787395e+001
1.02243417346355e+002
1.03518476850185e+002
1.08152201014625e+002
1.18170088889073e+002
9.37991586332279e+001
1.01274055139291e+002
1.07885256514021e+002
9.72076366728228e+001
1.01093752138055e+002
1.00961542968347e+002
1.07142812996141e+002
1.17302723734976e+002
9.42280433726970e+001
1.00671726968117e+002
1.05604140653064e+002
1.03058312502271e+002
9.96675967220241e+001
9.88607221979185e+001
1.07574243600024e+002
1.17214291987365e+002
9.61905733432860e+001
1.02317937290550e+002
1.04831108039849e+002
8.90276144401453e+001
9.78759861830530e+001
9.81712624488276e+001
1.11101472902805e+002
1.18220549799438e+002
1.00025549844830e+002
1.09398545978596e+002
1.07519079087855e+002
9.64340563114419e+001
9.86767806805846e+001
1.19099981475463e+002
1.03594455121722e+002
1.14212857596142e+002
8.72582715385768e+001
9.83853583578319e+001
9.85569706156044e+001
1.10755634226041e+002
1.17927326314421e+002
1.02379819868692e+002
1.13210838304066e+002
1.15391770750973e+002
1.01240422065097e+002
1.00027617288668e+002
9.91412649548822e+001
1.07210119013674e+002
1.16769218535885e+002
1.15113403606748e+002
1.21873255337240e+002
1.28143195325658e+002
9.91501561775686e+001
1.08610933637674e+002
1.10950489040078e+002
1.19202076564289e+002
1.32008511330838e+002
1.00846277248929e+002
1.11794948286865e+002
1.21354719282819e+002
9.91354408415683e+001
1.06447560043864e+002
1.07765324050771e+002
1.18193357601060e+002
1.31512911748676e+002
9.91327310645415e+001
1.10528879741435e+002
1.19448324149228e+002
9.94067397232865e+001
1.03161257013868e+002
1.03509953822163e+002
1.17310522704635e+002
1.30822414398631e+002
9.78280675389639e+001
1.10506949640935e+002
1.18826595311829e+002
1.25610523362766e+002
9.63137249752948e+001
9.85278435804182e+001
1.17169487702359e+002
1.29881745163053e+002
9.63814140879478e+001
1.12772027313546e+002
1.20504387468814e+002
9.89215307315963e+001
1.11773513249390e+002
9.17488893858289e+001
1.18235609675829e+002
1.28458482650571e+002
9.27291797711882e+001
1.18386377356678e+002
1.26216604840520e+002
9.92321541450212e+001
8.54191653577012e+001
1.19094344053502e+002
8.76544741812842e+001
1.23467088809500e+002
9.88866115171660e+001
1.13573287617094e+002
9.33453581752544e+001
1.17868332524087e+002
1.28409805867306e+002
9.66339136163259e+001
1.20897525071500e+002
1.30499997483371e+002
1.01051228726639e+002
9.78471894239236e+001
9.90127967145213e+001
1.16766539225448e+002
1.29761601256923e+002
1.20702014644690e+002
1.32806711624356e+002
1.40925838945929e+002
8.07257033100751e+001
9.37737763398299e+001
1.00778664555061e+002
1.02319718347464e+002
1.08808383096985e+002
8.38591253990164e+001
9.34056661048337e+001
1.03579196872413e+002
8.03608208058336e+001
9.36559061325983e+001
1.01537000184988e+002
1.02130763018330e+002
1.07514315347638e+002
8.27831053847525e+001
9.19675942868070e+001
1.01829844746759e+002
7.99415254972923e+001
9.35271839553779e+001
1.01936387097203e+002
1.01938346166946e+002
1.05532924755559e+002
8.22162998204298e+001
9.08266921490857e+001
1.00177760932843e+002
7.91028198954937e+001
9.32708969306184e+001
1.02586148953321e+002
1.02125940633410e+002
1.02635644004782e+002
8.19757779038911e+001
8.97349868095598e+001
9.89195276196266e+001
7.67468096951046e+001
9.22158523036020e+001
1.03938466122109e+002
1.03399203749478e+002
9.73925495624540e+001
8.18901581571601e+001
8.86508869943263e+001
9.79499968213267e+001
7.13134167099960e+001
8.87677219599019e+001
1.03823920577157e+002
8.84984032908658e+001
8.79246398044717e+001
9.67463152757608e+001
8.26281619127161e+001
9.91018093783917e+001
9.94255762652338e+001
9.32692782216863e+001
8.10648453642238e+001
8.76765123358030e+001
9.60708549234401e+001
6.72203116150051e+001
8.15106936075531e+001
9.41222900461446e+001
9.50297714227176e+001
9.56145455035057e+001
1.08818880857654e+002
1.12810325048833e+002
1.18157057933737e+002
8.92839470358507e+001
1.02197227566067e+002
1.08171130269067e+002
1.11592661974695e+002
1.20888612847192e+002
9.23387070519144e+001
1.02577917143051e+002
1.13024045508253e+002
8.87957795462535e+001
1.01420782833672e+002
1.07656156120847e+002
1.10989913142251e+002
1.20340948849356e+002
9.09485140171493e+001
1.00820933163814e+002
1.10804252371056e+002
8.81587711484170e+001
1.00304680483553e+002
1.06410191449414e+002
1.10442808216964e+002
1.19981406753496e+002
9.00064741541148e+001
9.93998043113824e+001
1.08821293489374e+002
8.69655860611096e+001
9.85729234374432e+001
1.04996924550850e+002
1.10824468325121e+002
1.20546465753764e+002
8.92433777166953e+001
9.82436121783215e+001
1.07442617304070e+002
8.41243392795056e+001
9.50671989822495e+001
1.03514622921478e+002
1.14585572942018e+002
1.22687866313648e+002
8.84216616845412e+001
9.76328281156997e+001
1.06709396975457e+002
7.89397468519188e+001
8.72716078194610e+001
1.00651899903664e+002
1.23474396768297e+002
8.78309182234270e+001
1.06033425006517e+002
7.43444793806814e+001
9.47679504640083e+001
1.08397451540304e+002
1.17092937939257e+002
8.78100860192045e+001
9.66849716169392e+001
1.05209920141444e+002
7.61069309054999e+001
8.35417913432205e+001
9.36867951954269e+001
1.01228124489659e+002
1.11152981068048e+002
1.20075314544708e+002
1.25464284439559e+002
1.32258897966399e+002
9.85154203933930e+001
1.10888049012093e+002
1.15562035040903e+002
1.20439848276584e+002
1.31488577097891e+002
1.00995433332958e+002
1.11731948870203e+002
1.22180055074732e+002
9.84385702041192e+001
1.09739965963579e+002
1.13981797930847e+002
1.19315582223292e+002
1.30800950652891e+002
9.94473690408561e+001
1.09773083023314e+002
1.19559801178286e+002
9.86295030663007e+001
1.08119988253598e+002
1.11330144749227e+002
1.17953308688781e+002
1.30181978829703e+002
9.83913259296835e+001
1.08175479608823e+002
1.17192557258252e+002
9.92178988521871e+001
1.05821812172404e+002
1.07930969092996e+002
1.16814040798859e+002
1.30176885211186e+002
9.75823753086744e+001
1.06935271688718e+002
1.15263169582577e+002
1.00311715759824e+002
1.01998913087556e+002
1.03365994448879e+002
1.16414065719622e+002
1.31764678397159e+002
9.68551606604779e+001
1.06206595945585e+002
1.13725519934677e+002
1.03580595734634e+002
9.59345609319015e+001
9.66253341422360e+001
1.14244703451030e+002
9.65389054160725e+001
1.05935937244219e+002
1.08713940051404e+002
9.11639815160009e+001
1.07390136534824e+002
1.25496029981625e+002
9.65166235531291e+001
1.05321556285729e+002
1.12729826722603e+002
1.00446647528389e+002
9.36203410575093e+001
9.33309200188197e+001
1.04453915680483e+002
1.19365248803603e+002
1.38181530705259e+002
1.38988870222179e+002
1.45086906135611e+002
6.96133375853304e+001
8.22499051983123e+001
9.06242150684135e+001
9.26812157997772e+001
9.89883293681252e+001
7.30297832471113e+001
8.27263820044914e+001
9.41249623081416e+001
6.90600198954439e+001
8.21119106719671e+001
9.22238719437827e+001
9.35691547387736e+001
9.90583178768797e+001
7.17113636132257e+001
8.14942352154690e+001
9.39677859937521e+001
6.87138411724199e+001
8.20530060017600e+001
9.38948584076459e+001
9.48556111554471e+001
9.91356709943282e+001
7.05964992205922e+001
8.03237943511621e+001
9.46136981012993e+001
6.87397166354146e+001
8.20489672675715e+001
9.63059307337482e+001
9.68345125706029e+001
9.94160715271182e+001
6.92777918051798e+001
7.85477757768468e+001
9.71126763167153e+001
6.92134853609770e+001
8.16761465675461e+001
1.00186370633025e+002
1.01759075427639e+002
1.03846996233372e+002
6.69696306043887e+001
7.57313425782557e+001
1.04037091247102e+002
7.06348622892490e+001
8.07894118161914e+001
1.06789738209400e+002
8.72875585477110e+001
9.89192239715911e+001
7.43099026476448e+001
1.09974991557869e+002
8.00883189347676e+001
1.10489097635804e+002
9.93575811060380e+001
7.11104646053953e+001
7.89491285747184e+001
1.02399061382507e+002
7.04747885290926e+001
8.09995265997193e+001
1.04257105248285e+002
8.20172203924864e+001
9.91218397613151e+001
9.86236106696007e+001
1.02575996057196e+002
1.07028892918964e+002
8.23062336845775e+001
9.52696951276433e+001
1.02140136846929e+002
1.03565845031706e+002
1.10125077366954e+002
8.52042084190599e+001
9.46673733285121e+001
1.04840283751493e+002
8.21266397407340e+001
9.50625873191636e+001
1.02718100199382e+002
1.03087976197867e+002
1.08667833533327e+002
8.40152128065456e+001
9.29148684153878e+001
1.02755855334857e+002
8.20918814694102e+001
9.46794183211707e+001
1.02658652366628e+002
1.02257517964181e+002
1.06484605599867e+002
8.31763297095799e+001
9.10584224726488e+001
1.00382104064834e+002
8.20840681080810e+001
9.38246258566880e+001
1.02235803525349e+002
1.01085166047825e+002
1.03436098425514e+002
8.23412322496035e+001
8.82730361571401e+001
9.76316141486400e+001
8.16513929865778e+001
9.16647632644230e+001
1.01318417012360e+002
9.99123104393050e+001
9.78400653506493e+001
8.14302056516273e+001
8.29747678518627e+001
9.40724185839699e+001
8.07719030824681e+001
8.74203299807337e+001
9.94080201227934e+001
9.83956075112621e+001
1.13675525398341e+002
8.26365079801018e+001
9.13762607968778e+001
8.01100138344274e+001
9.70040690570396e+001
9.67206887939007e+001
8.81478357220368e+001
8.73982993897173e+001
9.60608183788055e+001
8.10005054330317e+001
8.80143420534605e+001
9.91676832172346e+001
9.81309680107691e+001
1.24654904331202e+002
1.12630517705203e+002
1.16038879316511e+002
1.19542085558271e+002
9.10140458318324e+001
1.02503900109602e+002
1.06670407810876e+002
1.07451661404655e+002
1.13981049529724e+002
9.23303879207642e+001
1.00559305545011e+002
1.08696875947660e+002
9.20653921609356e+001
1.02570206281063e+002
1.06237749767558e+002
1.05823518526966e+002
1.11411901139178e+002
9.16396171592780e+001
9.86658589021333e+001
1.05416542075923e+002
9.38466828076255e+001
1.02588180906230e+002
1.04912908051296e+002
1.03584243772158e+002
1.07965230886928e+002
9.17030806852974e+001
9.69553344349432e+001
1.01795196421931e+002
9.64480282850528e+001
1.02343932198371e+002
1.03124839956598e+002
1.01090353487640e+002
1.03877450250660e+002
9.24953894149146e+001
9.52399930462233e+001
9.79077065720924e+001
9.98268693994991e+001
1.01170287641523e+002
1.01077332409450e+002
9.92303560818725e+001
9.92354397053934e+001
9.44971770802249e+001
9.37089309586022e+001
9.33008188422160e+001
1.04872201518637e+002
9.86439341495878e+001
9.88825135174158e+001
9.87432604696268e+001
9.36187724060456e+001
9.89825119351734e+001
9.47119535248053e+001
1.09691960774513e+002
9.68084822995769e+001
9.91734418894160e+001
8.88465498324222e+001
9.99125620302377e+001
9.66207629781149e+001
1.04168008638077e+002
9.91143303420191e+001
9.88518403502284e+001
9.84139046369674e+001
9.38486057191624e+001
1.20942026272270e+002
1.21453435641639e+002
1.23737696500732e+002
9.29037648310992e+001
1.03712337450079e+002
1.07199392271482e+002
1.10883303868299e+002
1.20408339812285e+002
9.44599711774745e+001
1.03603208242026e+002
1.12391508799154e+002
9.35421246559351e+001
1.03023245650002e+002
1.05743332632312e+002
1.09560776048761e+002
1.19254884364838e+002
9.34257603601360e+001
1.01840678973549e+002
1.09626782109683e+002
9.48306498290036e+001
1.02147484890396e+002
1.03440614357242e+002
1.08038681398741e+002
1.18010526227255e+002
9.31514252013246e+001
1.00595537194276e+002
1.07127482724524e+002
9.71106682560104e+001
1.01143675794174e+002
1.00975558532573e+002
1.06962633812796e+002
1.17119365382497e+002
9.36957873436650e+001
1.00213352379531e+002
1.05281296504074e+002
1.01828103852873e+002
9.98603662659887e+001
9.89477612979394e+001
1.07476948699464e+002
1.17010846790716e+002
9.54526387294191e+001
1.01847584841299e+002
1.04576656001924e+002
8.77533033796550e+001
9.82138700188331e+001
9.83302205499993e+001
1.10749700142770e+002
1.17875051714242e+002
9.92200264949489e+001
1.08409872887878e+002
1.07339782315463e+002
9.68729870364296e+001
9.90216678821916e+001
1.18725774650940e+002
1.02467052707934e+002
1.13182164776541e+002
8.13251381739067e+001
9.82026169048081e+001
9.82671795663078e+001
1.10186508693085e+002
1.17521612998629e+002
1.23360553759628e+002
1.30012006049042e+002
1.33977802263476e+002
9.91587462665651e+001
1.10205834794176e+002
1.13648689743745e+002
1.20418903135859e+002
1.32608816874278e+002
1.01341543905787e+002
1.12324437190855e+002
1.22423048778613e+002
9.90116470748260e+001
1.08571726476002e+002
1.11220200531226e+002
1.19316202353759e+002
1.32061228582674e+002
9.96577858719906e+001
1.10659429282909e+002
1.20166200118286e+002
9.90566388387297e+001
1.06313858559176e+002
1.07744161855476e+002
1.18072223583754e+002
1.31402273749965e+002
9.84290918227210e+001
1.09699058597846e+002
1.18639850263982e+002
9.94605152529615e+001
1.03282744138193e+002
1.03648578051780e+002
1.17135349145006e+002
1.30704191442610e+002
9.73374724553901e+001
1.09883475958984e+002
1.18330471296171e+002
1.03589649560196e+002
9.75920923718998e+001
9.87635652742865e+001
1.17093365710891e+002
1.29816167485652e+002
9.57599109702925e+001
1.12114219563278e+002
1.19980432885565e+002
9.89278949557239e+001
1.13738036347992e+002
9.28807744263281e+001
1.17923929696217e+002
1.28414118631042e+002
9.29247694037827e+001
1.17101637873394e+002
1.25484578647412e+002
9.93371449397351e+001
8.84522647735265e+001
1.18737353554342e+002
8.97625713538897e+001
1.21598866132557e+002
9.90565363119068e+001
1.24738851293590e+002
9.33869480809779e+001
1.17581942553832e+002
1.28520733247996e+002
1.59136869832345e+002
1.41713599431328e+002
1.46617495363947e+002
8.01578157989354e+001
9.29073990133151e+001
9.95569401508921e+001
1.01635604813760e+002
1.08747663971790e+002
8.32473238374162e+001
9.29068181375920e+001
1.03033543828866e+002
7.97872328646326e+001
9.27271095970405e+001
1.00104030590612e+002
1.01381609264578e+002
1.07741234681393e+002
8.20877900797585e+001
9.15231218873065e+001
1.01418849043490e+002
7.94821887988880e+001
9.26137933826202e+001
1.00306929243749e+002
1.01008112673920e+002
1.06257690472893e+002
8.14065824699350e+001
9.04748390380023e+001
9.99845776640333e+001
7.91236812757325e+001
9.25917926870329e+001
1.00728460972825e+002
1.00731750465627e+002
1.04307358191698e+002
8.10356056905175e+001
8.95491159435008e+001
9.89527724710703e+001
7.81722857915981e+001
9.23120767663843e+001
1.01707981222134e+002
1.01222384311713e+002
1.01614519726178e+002
8.09202935822302e+001
8.86884874050547e+001
9.80870760460982e+001
7.60043791768453e+001
9.13270305886350e+001
1.03387174088686e+002
1.02525267721196e+002
9.68787436308834e+001
8.10686872570624e+001
8.78689808031533e+001
9.67130097001459e+001
7.11037931491058e+001
8.81372258821306e+001
1.02576078518881e+002
9.01727108319473e+001
8.70078375071492e+001
9.57168617594571e+001
8.24657462790086e+001
9.80317855268100e+001
9.83815152863881e+001
9.33077142114712e+001
1.13664624218733e+002
1.15751798274467e+002
1.18888361415443e+002
8.87783136892293e+001
1.01805536794487e+002
1.07888254752694e+002
1.11285364424887e+002
1.20456174289848e+002
9.18757787247247e+001
1.02280027630916e+002
1.12848528348347e+002
8.83378920804212e+001
1.01173219905136e+002
1.07533126794215e+002
1.10661782950115e+002
1.19778133961422e+002
9.04704735155472e+001
1.00602095082108e+002
1.10786190724639e+002
8.79176802604381e+001
1.00395547420850e+002
1.06515484957051e+002
1.09849794706514e+002
1.19020116153520e+002
8.95248881379846e+001
9.92502229200797e+001
1.08933557240726e+002
8.73737387190804e+001
9.94424252299884e+001
1.05352499032388e+002
1.09219245906869e+002
1.18593130083339e+002
8.88076478849496e+001
9.80776890281539e+001
1.07525462584189e+002
8.60947412706242e+001
9.77918277621185e+001
1.04230793679848e+002
1.09776750270811e+002
1.19072563740537e+002
8.81466637149373e+001
9.71339386952306e+001
1.06429482474017e+002
8.35310494561326e+001
9.45439700944154e+001
1.03088781069983e+002
1.13208532057720e+002
1.20909786419341e+002
8.75763714121196e+001
9.66829272240831e+001
1.05428391491344e+002
7.89436080105271e+001
8.74189748487784e+001
9.99709554664596e+001
1.21585854654710e+002
8.69622029048966e+001
1.04790633498465e+002
7.47732304085546e+001
9.43845002597298e+001
1.07036753318702e+002
1.15623531475884e+002
1.23861788328320e+002
1.29888933722845e+002
1.34311421121505e+002
9.78096774587921e+001
1.10822569224789e+002
1.16095240689430e+002
1.20592197485161e+002
1.31272384055909e+002
1.00598602027103e+002
1.11590148498579e+002
1.22380538052884e+002
9.75961096682369e+001
1.09897960478678e+002
1.14945926648786e+002
1.19574538972663e+002
1.30494916135691e+002
9.90458383511524e+001
1.09699125151879e+002
1.19925584044994e+002
9.75868989553670e+001
1.08712613101323e+002
1.12883223945974e+002
1.18221154462863e+002
1.29621273817518e+002
9.79815747152974e+001
1.08146194200246e+002
1.17713920210373e+002
9.78360893185927e+001
1.07255205090130e+002
1.10332888500178e+002
1.16815297216209e+002
1.28991513308390e+002
9.71509820287998e+001
1.06821449488551e+002
1.15903347687286e+002
9.81599311683003e+001
1.05038960507676e+002
1.07221745854244e+002
1.15899836228140e+002
1.29013769399718e+002
9.63798994898332e+001
1.05770243022523e+002
1.14246553064649e+002
9.90954960718072e+001
1.01419551827260e+002
1.03118141932246e+002
1.15374430677852e+002
1.30499363776161e+002
9.58823925848063e+001
1.05119114850677e+002
1.12739911765913e+002
1.01881086636593e+002
9.58723421849162e+001
9.65655055469513e+001
1.13186252166273e+002
9.55464843504962e+001
1.04667590251562e+002
1.05921960274356e+002
9.12463872971314e+001
1.06740755755855e+002
1.24236041478483e+002
1.41989782972887e+002
1.41447422862679e+002
1.46316514867919e+002
7.01672885434862e+001
8.24406638375863e+001
8.99600407712267e+001
9.23398988779146e+001
9.91451671879549e+001
7.35316047033956e+001
8.30821258419954e+001
9.37534879402800e+001
6.95406343316591e+001
8.22098768434667e+001
9.10604229050774e+001
9.28604812314207e+001
9.91068087275983e+001
7.22552978830029e+001
8.19196667193354e+001
9.31972022604994e+001
6.90226452462870e+001
8.20693969439323e+001
9.21074805053067e+001
9.35876685996520e+001
9.90336016568990e+001
7.12830295065081e+001
8.10117549887543e+001
9.32155630442771e+001
6.87160884770523e+001
8.20830584704524e+001
9.37104077574011e+001
9.46899631435639e+001
9.90557014396452e+001
7.03742097423164e+001
7.99902606753439e+001
9.43361437986947e+001
6.85969168600255e+001
8.19937031547884e+001
9.63434489914491e+001
9.68869560794168e+001
9.93388646525290e+001
6.92422133921264e+001
7.84988836768176e+001
9.71258919270656e+001
6.90802772185435e+001
8.17033125909452e+001
1.00422448243941e+002
1.01276944156983e+002
1.00967235844318e+002
6.72256264719669e+001
7.61137277858336e+001
1.01126918896924e+002
7.04752985222248e+001
8.10017387073916e+001
1.04668403008648e+002
8.13161372411883e+001
9.90536130855570e+001
7.47825136634143e+001
1.07018798728799e+002
8.04191189690392e+001
1.08880019829471e+002
9.93173273180836e+001
1.02614285601033e+002
1.05768436032729e+002
1.08942291042363e+002
8.24691977739171e+001
9.53960243424808e+001
1.02067491670757e+002
1.04086172102114e+002
1.11307189930945e+002
8.54806485862820e+001
9.52490347157673e+001
1.05513890008901e+002
8.21981704359977e+001
9.51918604306970e+001
1.02543012797785e+002
1.03680207845204e+002
1.10158247396747e+002
8.42670890536737e+001
9.37079420618178e+001
1.03704551730687e+002
8.20849315613634e+001
9.49941813608564e+001
1.02550899075403e+002
1.02994289074825e+002
1.08471584667380e+002
8.34790350722271e+001
9.23483400493055e+001
1.01919691030477e+002
8.21036724463102e+001
9.47379947447776e+001
1.02519652518292e+002
1.02066886225025e+002
1.06265402909615e+002
8.28534744836070e+001
9.07294378105906e+001
1.00208242102228e+002
8.19514526588493e+001
9.38934919543710e+001
1.02484160724933e+002
1.01210921730087e+002
1.03308659799108e+002
8.21824337893400e+001
8.82703667556620e+001
9.79350195525840e+001
8.16509173526204e+001
9.19074815695620e+001
1.01942944886235e+002
1.00058795335230e+002
9.78578558257026e+001
8.15072327847019e+001
8.35513957317774e+001
9.38749609168670e+001
8.09859198851188e+001
8.80141210561999e+001
9.93313157059896e+001
9.82146194070656e+001
1.24658635535706e+002
8.24722313138948e+001
9.15511780774075e+001
8.04081723311452e+001
9.75192852940063e+001
9.64893335138715e+001
1.15138001959762e+002
1.18943834387110e+002
1.21573860798261e+002
9.01816647714364e+001
1.02294288850374e+002
1.07140238850463e+002
1.08683893051448e+002
1.15903415805901e+002
9.20962849701848e+001
1.01138359442717e+002
1.10111293451497e+002
9.07717358698542e+001
1.02285762111295e+002
1.06899600595807e+002
1.07403405886090e+002
1.13843225012231e+002
9.11775265698122e+001
9.93998083526817e+001
1.07348006909772e+002
9.19104423665650e+001
1.02363644095386e+002
1.05941252103878e+002
1.05557941749589e+002
1.11037871952908e+002
9.09045873952390e+001
9.79132439354719e+001
1.04449675202999e+002
9.36742255274327e+001
1.02505342684104e+002
1.04701806191667e+002
1.03301062243787e+002
1.07650141626109e+002
9.11303951146054e+001
9.64522492246696e+001
1.01498122128774e+002
9.59248165152091e+001
1.02263782167387e+002
1.03280159205056e+002
1.01118340835446e+002
1.03731364826980e+002
9.19412672342185e+001
9.49415302646263e+001
9.80177167483911e+001
9.91039175048128e+001
1.01179859795465e+002
1.01546425532055e+002
9.92128857499501e+001
9.91510393888538e+001
9.39887819775817e+001
9.36075255305428e+001
9.34092047899930e+001
1.03809219055194e+002
9.89721564664634e+001
9.88453354749893e+001
9.83887880163997e+001
9.36541070331061e+001
9.78993329089113e+001
9.42844985998337e+001
1.08200526015397e+002
9.72703401627325e+001
9.86329056468568e+001
8.84980873231905e+001
1.23362238953620e+002
1.25407447404901e+002
9.25152950520219e+001
1.04224489496118e+002
1.08560870777597e+002
1.12141520729582e+002
1.21563279112191e+002
9.45997580613857e+001
1.04302688615400e+002
1.13746021908462e+002
9.27902651701085e+001
1.03611855058418e+002
1.07477593565714e+002
1.10959031823099e+002
1.20434335270892e+002
9.33916226262773e+001
1.02537842253512e+002
1.11185697093336e+002
9.35116609391616e+001
1.02890435323038e+002
1.05566808967694e+002
1.09414557568709e+002
1.19091304620909e+002
9.27890218296158e+001
1.01143784441267e+002
1.08805085752338e+002
9.48250474809542e+001
1.02141050871985e+002
1.03343185241883e+002
1.07847026734771e+002
1.17847662126299e+002
9.26744082182151e+001
1.00128906099636e+002
1.06815685758000e+002
9.67385018537330e+001
1.01160369395714e+002
1.01077534925662e+002
1.06940844673062e+002
1.16985486395991e+002
9.31571496382702e+001
9.98290114355359e+001
1.05162215428292e+002
1.00611046503857e+002
9.98380197911402e+001
9.92620278206729e+001
1.07238187264907e+002
1.16776113381949e+002
9.49754598592988e+001
1.01251233893537e+002
1.04451629699080e+002
8.21722245234020e+001
9.81187006121969e+001
9.82530064209624e+001
1.10170866011216e+002
1.17591296204210e+002
9.82260563816198e+001
1.07013945588472e+002
1.06699997536997e+002
9.64128541322829e+001
9.84085426298211e+001
1.18368658120071e+002
1.26977659069023e+002
1.37138301043709e+002
9.92436242144371e+001
1.11378616563934e+002
1.15708638010820e+002
1.21544858640807e+002
1.33230122271151e+002
1.01799726209264e+002
1.12936078926914e+002
1.23480906854089e+002
9.89915284606673e+001
1.10060671548122e+002
1.13848883206205e+002
1.20465541330827e+002
1.32616082614615e+002
1.00126946104902e+002
1.11124112293073e+002
1.21120268524229e+002
9.88973206878791e+001
1.08317566755462e+002
1.10994806056599e+002
1.19114506979927e+002
1.31902862877434e+002
9.89113343627713e+001
1.09792166047226e+002
1.19240427931703e+002
9.90240896971830e+001
1.06170186904303e+002
1.07574237210707e+002
1.17804317372620e+002
1.31245840356844e+002
9.78711737954472e+001
1.09044131922579e+002
1.18107634782116e+002
9.91512797633128e+001
1.03195167315281e+002
1.03554606234713e+002
1.16999007655198e+002
1.30617569966345e+002
9.67016438406311e+001
1.09256856618793e+002
1.17853170323513e+002
1.00086459687090e+002
9.77674411405080e+001
9.89845984987786e+001
1.16750072847898e+002
1.29764588521025e+002
9.54106089511423e+001
1.11134366435816e+002
1.19348282257248e+002
9.91026761235770e+001
1.24525939416384e+002
9.35326369667857e+001
1.17503318463220e+002
1.28516419282734e+002
9.29967382821414e+001
1.15596394816804e+002
1.24204260411254e+002
9.93068299532415e+001
8.81251141313049e+001
1.18356041851636e+002
-1.67665678000993e+002
1.46433316947038e+002
6.27595474081487e+001
7.32933579967442e+001
7.63622349510911e+001
8.30307603360697e+001
5.92691306759951e+001
6.78977205253911e+001
7.95059740265985e+001
5.62054288507378e+001
6.64081607522775e+001
7.66242887106923e+001
7.96297013069583e+001
8.63027434237150e+001
6.42778794307243e+001
7.37327285559004e+001
8.49128806495037e+001
6.21491312948000e+001
7.35154406089304e+001
8.26001391455414e+001
8.51872366351842e+001
9.14364597448885e+001
7.25150223303863e+001
8.29624571876507e+001
9.45478476629236e+001
7.08523791532781e+001
8.34850519141922e+001
9.20262123569215e+001
9.32885837004793e+001
9.86182204117138e+001
8.46610027695937e+001
9.57300172074527e+001
1.08819261551260e+002
8.13151521794963e+001
9.51235628474556e+001
1.03792294531006e+002
1.03884125979857e+002
1.07957847509647e+002
9.81906474620690e+001
1.09844784232130e+002
1.26116816704539e+002
9.12814549169812e+001
1.05940738629195e+002
1.15601932597909e+002
1.15235778131796e+002
1.20863886493202e+002
1.08819384156029e+002
1.20145728526450e+002
1.38496146332832e+002
9.85913684807132e+001
1.12588549837595e+002
1.21032191986768e+002
1.23538002325501e+002
1.59992757053982e+002
1.13645846157179e+002
1.23973450087580e+002
1.42339611937261e+002
1.02593204813392e+002
1.15128585934810e+002
1.27347141365019e+002
-1.71056921694336e+002
8.71702515230517e+001
9.27200914838276e+001
5.84370984571709e+001
7.44020630808864e+001
7.87518238011255e+001
8.68274514409350e+001
6.65365923243416e+001
7.22715695024417e+001
8.26803842062202e+001
6.30067616162722e+001
7.01398914204245e+001
7.85656781867850e+001
8.30057637602341e+001
9.15766435272807e+001
7.32959693992810e+001
8.15817605860998e+001
9.12297651093325e+001
7.11496141168881e+001
8.03203077509190e+001
8.65432663021283e+001
9.05471099210879e+001
9.93147174985198e+001
8.35639581625027e+001
9.34713943858856e+001
1.04104421994207e+002
8.05390934298617e+001
9.13617649771668e+001
9.72584864902360e+001
1.00699745126108e+002
1.09747132345356e+002
9.56241580153280e+001
1.06746407104965e+002
1.19095305520867e+002
8.95640960607816e+001
1.01866214913060e+002
1.08058529975253e+002
1.11909767350751e+002
1.21553130520826e+002
1.05963402495788e+002
1.18223476136792e+002
1.32171653734012e+002
9.70971080560768e+001
1.10432459424937e+002
1.17112297434275e+002
1.21894877009108e+002
1.32774157660085e+002
1.12759508599235e+002
1.25472040503659e+002
1.39091354769310e+002
1.02540574727826e+002
1.15996929197672e+002
1.21397992252752e+002
1.29977011548009e+002
1.41716246340751e+002
1.15619968513366e+002
1.29863787240734e+002
1.41536647526338e+002
1.05745677294234e+002
1.18937655981225e+002
1.23257732426139e+002
1.46429651893256e+002
8.71009608662278e+001
1.01257101301488e+002
2.31309747848272e+002
7.11539594539087e+001
8.27571858741754e+001
9.08785849445479e+001
7.42244968266402e+001
7.98198482205678e+001
8.47173642280117e+001
7.13075509782117e+001
7.73572468179322e+001
7.88013556396290e+001
8.63800641814587e+001
9.63475182061142e+001
8.33738322630927e+001
9.02362611186989e+001
9.66660870005938e+001
8.76348581758207e+001
8.88528766488036e+001
8.90979032778366e+001
9.50559716516642e+001
1.05956573085439e+002
9.64630127887419e+001
1.04821042953739e+002
1.13544192968674e+002
9.43052402671482e+001
1.00453717109078e+002
1.02028300002408e+002
1.07269779091228e+002
1.18743752315027e+002
1.07861022582704e+002
1.18473080992189e+002
1.29863136652659e+002
9.96181030724246e+001
1.09385859998284e+002
1.12744935962455e+002
1.19158557360978e+002
1.31386626811380e+002
1.14672724175202e+002
1.27623809142081e+002
1.40766796007640e+002
1.03855762513388e+002
1.15661153961530e+002
1.20317034188268e+002
1.28113360077040e+002
1.40888844673628e+002
1.18009652302445e+002
1.32209674050958e+002
1.45122605444479e+002
1.06983344321012e+002
1.19496981909766e+002
1.23695424032473e+002
1.33937459646601e+002
1.46599338780710e+002
1.18761331704969e+002
1.34275291156116e+002
1.46354112052057e+002
1.08922264004887e+002
1.21577126601204e+002
1.25411829848692e+002
1.37148210413925e+002
9.26703718653601e+001
1.01209881798277e+002
