8.231731524946178657e-01
7.084800763392040679e-01
5.713904178432984704e-01
4.010432758841342427e-01
2.618912538718835004e-01
1.642540635412838013e-01
1.452733291640941893e-01
1.299056820591187877e-01
1.201342517862794557e-01
8.920415435876255517e-02
1.100072853596161804e-01
1.292573350345154193e-01
1.150061428411149334e-01
1.063672851073351744e-01
9.682093224504806361e-02
7.214899825487869345e-02
3.088996407995164839e-02
-2.526779335722345587e-02
-8.995895886223848059e-02
-1.651003996629216430e-01
-2.059735360212003041e-01
-2.379947938403980112e-01
-2.620304506541496492e-01
-2.798491863270573532e-01
-2.924737273407895799e-01
-3.015409591182298676e-01
-3.082992631157958074e-01
-3.126514567499224517e-01
-3.154491166609343367e-01
-3.167255599040359471e-01
-3.169714868727923074e-01
-3.160082452727375202e-01
-3.136065213332569490e-01
-3.098141679957517880e-01
-3.038499019841720550e-01
-2.958554780326385636e-01
-2.856488129833601453e-01
1.657287910195788527e-01
1.000000460314305747e+04
-2.750923223086745306e-01
-5.334377188895689237e-01
-5.027671154431123668e-01
-5.039647363153200166e-01
-5.108073431031585621e-01
-4.823495441748296142e-01
-4.362742764593854350e-01
-4.823495899939386211e-01
-4.787454316720402558e-01
-4.780668624406320122e-01
-4.796694901043483394e-01
-4.347715903827348849e-01
-4.768294690535575531e-01
-4.751987373885854238e-01
-4.695959833030080022e-01
-4.684888018207741256e-01
-4.659376841477820275e-01
-4.617495250144758590e-01
-4.133909091767675736e-01
-4.459147523278638725e-01
-4.610292488400572486e-01
-4.155967639206103459e-01
-3.612217256021252321e-01
-3.821674715697601643e-01
-3.608005161582416576e-01
-2.971744692334627458e-01
-3.059770193102302471e-01
-2.873830875476613422e-01
-2.538513628624946561e-01
-2.428152792101038460e-01
-2.151347726883448552e-01
-2.078589894131138149e-01
-1.899556246322055553e-01
-1.636086236414772133e-01
-1.556682744037058141e-01
-1.568516435625108285e-01
-1.478202364624363330e-01
-1.437602101114732744e-01
-1.398356533219000108e-01
-1.391333651572272123e-01
-1.418051738336669199e-01
-1.316797425433562096e-01
-1.455873707417973117e-01
-1.582528891798911097e-01
-1.600202032522722584e-01
-1.720073740045971189e-01
-1.835325744582317897e-01
-1.963137755403057683e-01
-2.275833677194653015e-01
-5.583927025727850602e-01
-2.353169960440367747e-01
-1.652219915134232608e-01
-1.361572650424401898e-01
-2.740266273289866938e-01
-4.362359546277602695e-01
-2.926436877515833923e-01
-2.621747913258524743e-01
-2.624976776082947327e-01
-2.929630277262100235e-01
-4.270678372201212603e-01
-2.939613808977631360e-01
-2.582346157227186634e-01
-2.709414105695926445e-01
-2.663891985992933309e-01
-2.593079567087854809e-01
-2.921525243235046920e-01
-4.176724070186414450e-01
-2.597542491034146028e-01
-1.331323943465617110e-01
-2.500498949280425820e-01
-3.675552305930288588e-01
-2.116947081754440019e-01
-1.838927340416518508e-01
-2.918262006503816175e-01
-1.750741667080732700e-01
-1.200448438224788750e-01
-1.380927049281880370e-01
-1.037320611000026316e-01
-1.082949699509316854e-01
-6.950910405262988867e-02
-7.320733825505869319e-02
-1.174207431007566749e-01
-1.024034785893681854e-01
-5.440443640286367344e-02
-4.523062041024621116e-02
-4.740900202373566491e-02
-4.546405625217241758e-02
-4.001401704266564080e-02
-5.579921711955860425e-02
-9.421980046728217761e-02
-5.994283396888858140e-02
-5.253635057705231814e-02
-6.384791532186689933e-02
-5.317059372095340325e-02
-7.694005396787093054e-02
-8.505620841909486418e-02
-2.014254143057941648e-01
-2.510626700813480827e-01
-2.990136738321966248e-01
-4.510396400263390060e-01
-4.234113489064913471e-01
-4.110368527148857698e-01
-3.542841522215623429e-01
-4.119610607397896085e-01
-4.019673032381786415e-01
-4.034985562490330246e-01
-4.094179848212098349e-01
-3.632887112464279755e-01
-4.093030059574794821e-01
-4.045553872772070791e-01
-4.026574664076865706e-01
-4.045489770407146302e-01
-4.019820729855269059e-01
-4.076055035535440241e-01
-3.557102407127644139e-01
-3.973256662169388220e-01
-4.122909173817124739e-01
-3.660908076709362691e-01
-3.027723623954862719e-01
-3.227255037182924502e-01
-2.951806792135243107e-01
-2.184790967783590832e-01
-2.301120086302396450e-01
-2.051831594703437123e-01
-1.669412629547749882e-01
-1.576964509522827684e-01
-1.250215335676702066e-01
-1.182613293777955016e-01
-9.947633088837663784e-02
-7.263423271237091916e-02
-6.502098717821201690e-02
-6.569756146250034512e-02
-5.867674114830322141e-02
-5.187144701662233653e-02
-4.839908665026907558e-02
-5.205699304670283190e-02
-4.922798967364586109e-02
-4.909681627532406362e-02
-6.251436478091729199e-02
-6.868245058855543261e-02
-8.212744097152017975e-02
-8.985931384801477961e-02
-1.106145613439381836e-01
-7.088072950937564232e-02
-7.272303661830011035e-02
-5.406151701493132622e-01
-2.604895698849110097e-01
-3.911516025111465567e-01
-3.782625384115867462e-01
-3.718035307479090612e-01
-4.004209393972418263e-01
-3.721087155215804243e-01
-3.844696077853879124e-01
-3.831184072123884898e-01
-3.743402780132864538e-01
-3.974080328774409199e-01
-3.741443082050481816e-01
-3.840105865595284662e-01
-3.814520338199680616e-01
-3.800236869882171464e-01
-3.849914145391906128e-01
-3.739876334767822663e-01
-3.961274797041265394e-01
-3.758875964668284553e-01
-3.683669456397759556e-01
-3.590909234304549558e-01
-3.466436250656962370e-01
-2.941391136092749159e-01
-2.554737216319415416e-01
-2.385414507390501426e-01
-1.874348394082147595e-01
-1.614236932124851476e-01
-1.387465011345961619e-01
-1.064832281766137229e-01
-9.115270752178367131e-02
-6.887093439627217650e-02
-5.205221918464439379e-02
-3.902914631570408160e-02
-2.423224460760538615e-02
-1.474814602017471450e-02
-9.015321462546150438e-03
-8.257072086076891124e-03
-7.203173711286960969e-03
-8.447118081525565800e-03
-1.036991239823122947e-02
-4.225057871478673024e-03
-1.704705133753336294e-02
-2.522778944292605394e-02
-3.480622646509491658e-02
-5.413617316125391571e-02
-6.277155715976921735e-02
-6.592270989273334159e-02
-1.413691468733449808e-01
-4.804506644743892219e-01
-2.436665106629162802e-01
-4.206704189613288958e-01
-3.717908119873520323e-01
-3.953408415734723791e-01
-3.751815361863523046e-01
-3.916125506400053302e-01
-3.833388200048744032e-01
-3.834644988754661865e-01
-3.908753077234298767e-01
-3.770562971742210667e-01
-3.913004205753813913e-01
-3.823355861254115751e-01
-3.858885068525604312e-01
-3.867556673948589485e-01
-3.818259219155233919e-01
-3.905640843475323698e-01
-3.775522370170159014e-01
-3.863754837611569903e-01
-3.782670918069296340e-01
-3.699059146220347594e-01
-3.377804726415700731e-01
-3.019298916345353745e-01
-2.560810034444176986e-01
-2.033941181150120403e-01
-1.743770143064367895e-01
-1.350810559143305889e-01
-1.021780168394992444e-01
-7.954435770887499646e-02
-5.139437259364722232e-02
-2.425928206468840054e-02
-9.823904322412185114e-03
-6.115605353177416652e-03
-2.553371447412246600e-03
-6.545366163122676675e-10
-8.128754674159050571e-11
-1.038480441122276978e-11
-4.291702952186802669e-12
-2.327225511021108708e-12
-4.049207214112702681e-13
-6.101342300676499590e-04
-4.276202356973190859e-05
-3.374322985119012318e-03
-2.524075921849161866e-03
-1.621590657701370980e-02
-3.800156177844129374e-02
-2.381670307060942959e-02
-9.214263937502596702e-02
-4.752865497523424687e-01
-2.937460142890023773e-01
-3.843588358474618882e-01
-3.932105517514056237e-01
-3.774545812568841363e-01
-3.901283119977638769e-01
-3.812767797188037489e-01
-3.849424354343362054e-01
-3.866821756797078069e-01
-3.800356215515952596e-01
-3.905502130596101296e-01
-3.795815844446972509e-01
-3.876815349937320909e-01
-3.839678658585063964e-01
-3.832112319295113423e-01
-3.877436886140710470e-01
-3.802183062460848251e-01
-3.886025105759287612e-01
-3.807699504647815703e-01
-3.795150347710197769e-01
-3.656830793514406208e-01
-3.309141493609305540e-01
-2.808157391746083920e-01
-2.272627707673991471e-01
-1.853433746975292618e-01
-1.346506268196660527e-01
-1.001237775769580340e-01
-6.520366095582408317e-02
-2.486009769108612696e-02
-4.484522121700687189e-03
-3.707593334579856788e-03
-3.658781747166361633e-12
-5.700431368762467040e-13
-2.503804741428935246e-13
-2.386094905274105489e-13
-1.663499723135648872e-13
-1.313327321913006069e-13
-1.210582540321667841e-13
-1.228297183393445409e-13
-1.347276294938784628e-13
-1.877050156855991995e-13
-7.839500323948018368e-13
-3.004596454510625080e-13
-5.404667257644185117e-12
-3.548975691784100976e-11
-7.978428041322597336e-03
-1.195012780357019612e-02
-5.854797932586940784e-02
-5.063138005071544656e-01
-1.912772427922337370e-01
-4.312156411780249110e-01
-3.713947083739921329e-01
-3.891992472943768822e-01
-3.821502587063144163e-01
-3.848080314703180016e-01
-3.855585990583164646e-01
-3.814620035392607966e-01
-3.895021120658193059e-01
-3.788420208979608184e-01
-3.898078569308757735e-01
-3.815459490175824309e-01
-3.853522847720929345e-01
-3.864534470179924464e-01
-3.812669246668882739e-01
-3.887184455900380420e-01
-3.810169010478610119e-01
-3.857924779250886393e-01
-3.787865265314236396e-01
-3.460642237486851180e-01
-2.999052133131963616e-01
-2.498638096615442006e-01
-1.990705046280406010e-01
-1.421617226117041222e-01
-1.009222368249120816e-01
-4.883561223820940406e-02
-1.251682285998512688e-02
-2.814354032758456785e-04
-1.509239614856523098e-11
-2.492119721042629544e-13
-1.116149278870055454e-13
-7.012086890614730909e-14
-5.125038694053150203e-14
-4.261795953416644034e-14
-3.714074006229040015e-14
-3.440740139542881877e-14
-3.365843617061254202e-14
-3.452576364978779297e-14
-3.747059538981017990e-14
-4.233801713246073618e-14
-5.436309547562208645e-14
-6.920602460355890371e-14
-1.190081750113425540e-13
-2.292087185865438373e-13
-6.195001429467982527e-13
-1.674312609627981285e-10
-1.082877146868925500e-02
-4.974292413482577779e-01
-2.642541234210700196e-01
-4.059818075922783098e-01
-3.752366834848232524e-01
-3.866615342146515477e-01
-3.817447643823270731e-01
-3.862938437907569300e-01
-3.810870754257435489e-01
-3.889844294855439588e-01
-3.782166593229706608e-01
-3.913061119778539210e-01
-3.784067896656073127e-01
-3.884921065576070198e-01
-3.839951310065843337e-01
-3.820750901338282324e-01
-3.893172001133807791e-01
-3.793022579873818190e-01
-3.882832223001854155e-01
-3.818654905066576344e-01
-3.748382938965900690e-01
-3.327512264641656059e-01
-2.789829911094337533e-01
-2.201181297455123420e-01
-1.564933627827814477e-01
-1.026319316289135974e-01
-3.819347273107214641e-02
-3.222517170701109761e-03
-4.339196022089487725e-13
-3.723364168191394777e-13
-8.340451538230912317e-14
-4.062866227001637890e-14
-2.783631819112534145e-14
-2.103380426335948048e-14
-1.709592860820305410e-14
-1.477756130267784674e-14
-1.339311231846381486e-14
-1.265548275453902420e-14
-1.250607872118995971e-14
-1.285642984942572087e-14
-1.384066696714650935e-14
-1.565073559431221662e-14
-1.846278690296181708e-14
-2.339525378222060182e-14
-3.214612041490349326e-14
-4.933983983179901298e-14
-9.543568787224993549e-14
-2.316855061270892875e-13
-1.321172195421354100e-11
-4.167472610513798248e-01
-4.249647239174783597e-01
-3.595705894021842264e-01
-3.991168462425901398e-01
-3.713326377172033732e-01
-3.888369147791255198e-01
-3.781234560567462988e-01
-3.893078953362841266e-01
-3.777998739533954264e-01
-3.918207142761490624e-01
-3.758080676040382873e-01
-3.931965254776016438e-01
-3.795446093263837861e-01
-3.853963830068850016e-01
-3.889782782704372388e-01
-3.772097979546166768e-01
-3.925246163334069061e-01
-3.788413556760195644e-01
-3.830579041130395268e-01
-3.688502490579583237e-01
-3.249605528233206475e-01
-2.551828736494630157e-01
-1.841797863710277483e-01
-1.134039009413999183e-01
-3.714789157080271992e-02
-3.680714546790865265e-11
-3.580030398553432030e-13
-6.882634497797789744e-14
-3.214557895015086472e-14
-1.828678838353423036e-14
-1.235821194203084248e-14
-9.145482455178341739e-15
-7.220280514660485862e-15
-6.017942923843892385e-15
-5.309652398546410352e-15
-4.861082857272563882e-15
-4.632438806729521734e-15
-4.600053948919682948e-15
-4.752489276100745124e-15
-5.139018139466131256e-15
-5.813952028593809846e-15
-6.831875105931437443e-15
-8.531877620270704465e-15
-1.157988130776769768e-14
-1.695832338210250680e-14
-2.841981948008558952e-14
-5.560008823180559780e-14
-1.100798165634933454e-13
-4.956083676776651403e-01
-2.801995135731233377e-01
-3.655740945609982084e-01
-3.615711567145828420e-01
-3.964987600907793341e-01
-3.777023474611393428e-01
-3.873458535001697567e-01
-3.767024970620816982e-01
-3.896102383940959202e-01
-3.753477836799276046e-01
-3.962546549504806226e-01
-3.698307082140602775e-01
-3.909991137792774296e-01
-3.830875519992005818e-01
-3.762525287698487153e-01
-3.970040434183109146e-01
-3.692443837053085431e-01
-3.885486654744223500e-01
-3.758100638267864446e-01
-3.616410265045142403e-01
-3.238398325732558813e-01
-2.456866070145142245e-01
-1.490785309084996513e-01
-4.101639650362667172e-02
-5.476746829575597873e-13
-1.295821428440255518e-13
-3.292738973136406637e-14
-1.452805641995240516e-14
-8.207967134424943729e-15
-5.289341498443861231e-15
-3.755858945477786671e-15
-2.852764616746849044e-15
-2.287981335711143819e-15
-1.933973342116937366e-15
-1.723891921325253330e-15
-1.588445261263911435e-15
-1.522859315735276921e-15
-1.517963730017752957e-15
-1.578317963423172312e-15
-1.710543382138567368e-15
-1.941336060226459509e-15
-2.292720474702116481e-15
-2.881605138516240977e-15
-3.930411493751915975e-15
-5.762288479216885433e-15
-9.595209089068329374e-15
-1.836841832509459222e-14
-3.053185915631070901e-14
-1.397742940282362678e-01
-4.035588562406373092e-01
-3.222608941935198867e-01
-3.281476194827958048e-01
-3.720628287558521707e-01
-3.837093441263030313e-01
-3.909256599056762371e-01
-3.827291911304872563e-01
-3.989435160727594076e-01
-3.683258012220658184e-01
-4.144092529875403885e-01
-3.795590657822871528e-01
-3.906864895627937262e-01
-4.022584210231940904e-01
-3.640156044316133488e-01
-4.166825278443816449e-01
-3.793864851051115816e-01
-3.738238706266920341e-01
-3.488458070320019644e-01
-2.757504680022597743e-01
-1.703987229011734161e-01
-4.527941137295829477e-02
-2.956974751863741304e-13
-5.631036510718041002e-14
-1.556555379762972460e-14
-6.325481092860033542e-15
-3.314160950463749262e-15
-1.985877697244638485e-15
-1.322168712553976605e-15
-9.534572589319823384e-16
-7.328283244104341765e-16
-5.953379355024052995e-16
-5.093182536628175380e-16
-4.558206483108186130e-16
-4.246580843260052609e-16
-4.098607358797484138e-16
-4.101934184334414993e-16
-4.282208488493981303e-16
-4.647978826556036675e-16
-5.274378502616755556e-16
-6.259448612719210474e-16
-7.931591922963816901e-16
-1.090480439858887616e-15
-1.635167870763859233e-15
-2.831179423193225022e-15
-5.960863267258613489e-15
-1.274855365458960161e-14
-4.429172387022262125e-01
-2.456726166020386237e-01
-1.727981578123075068e-01
-2.395609616356651206e-01
-3.001838282698402471e-01
-2.558961642478028709e-01
-2.411259709397617357e-01
-2.752968731729336649e-01
-2.743158435589672650e-01
-2.609125556452445149e-01
-3.277875990058657374e-01
-2.350324195916335124e-01
-2.963174801838791561e-01
-2.897732455980849831e-01
-2.897052101600403606e-01
-3.608490924845242365e-01
-2.523397977498633704e-01
-2.799488470090851222e-01
-2.463809997606195012e-01
-1.550921024189850783e-01
-8.093113858233744184e-02
-2.648660430719459308e-02
-1.092152738732335546e-13
-2.432187148197581402e-14
-6.222461360642548797e-15
-2.241654245274646336e-15
-1.029473543804372332e-15
-5.602666718089011852e-16
-3.437085480678295571e-16
-2.316677697348146276e-16
-1.683621600842079375e-16
-1.310215310966478830e-16
-1.078075007741611499e-16
-9.303444226885923745e-17
-8.358447996513756317e-17
-7.861722577358037636e-17
-7.642678121558683459e-17
-7.710144927205595276e-17
-8.059355376575473081e-17
-8.753621153907808396e-17
-9.904197775259756805e-17
-1.182877448894939801e-16
-1.500431592096392646e-16
-2.072093195793232751e-16
-3.150437186760721552e-16
-5.776316577386489404e-16
-1.465193641186594107e-15
-3.151145577594716108e-15
-4.584216820196247988e-01
-2.039626833876680145e-01
-1.851805440602091735e-01
-1.395927104882785375e-01
-1.116167055686239501e-01
-8.709070884573760774e-02
-8.519251943977888819e-02
-8.984083798300716850e-02
-8.171031207956798437e-02
-8.183752259735585510e-02
-7.364963521157157078e-02
-8.408843782902708508e-02
-8.078346154652535360e-02
-9.053093456441495268e-02
-9.055624158695621539e-02
-8.643658369487024207e-02
-9.667353887074259244e-02
-6.898010735807404148e-02
-5.257684128570330739e-02
-5.210418909927676950e-02
-3.111164956318548599e-02
-4.873248671456385447e-03
-7.058381774983817901e-15
-7.678694278449459339e-15
-1.983231616883422952e-15
-2.533536446379984353e-16
-1.291599090514319403e-16
-7.753111339545016024e-17
-8.032540473965211684e-17
-3.466930910821013763e-17
-2.577327720833274654e-17
-2.110062518464072045e-17
-2.198300083857388491e-17
-1.638228970660980548e-17
-1.477223866120925681e-17
-1.465386612629426118e-17
-1.417992418720423338e-17
-1.452961071282723850e-17
-1.599276722583608224e-17
-1.548735968178067914e-17
-1.690958680605516600e-17
-2.509434875131203389e-17
-2.527134213889182143e-17
-4.912118229795808539e-17
-4.638962946201091966e-17
-7.687242444090178473e-17
-2.268944785292543418e-16
-2.832649145595389756e-15
