9.611752009344127767e-01
7.811180007670888159e-01
6.617775395402318850e-01
5.114829480289754260e-01
3.851743934861256435e-01
3.060121976416916301e-01
2.697550826608423602e-01
2.510878879546122322e-01
2.432843476911367708e-01
2.412787042785395353e-01
2.380174780432815496e-01
2.349152204827477386e-01
2.352992388782023381e-01
2.371997371875351202e-01
2.326356037284736666e-01
2.275310952680664189e-01
2.252157804230893456e-01
2.200153563579473892e-01
2.094693574823412452e-01
1.998028793630348687e-01
1.930041509302733993e-01
1.841726931833894132e-01
1.744305310166194556e-01
1.659159979103917437e-01
1.590405557026156880e-01
1.522891697721092119e-01
1.440640808020497432e-01
1.376861680751141348e-01
1.323919893396934278e-01
1.266779308315161279e-01
1.205895456397020060e-01
1.167646993626108021e-01
1.150450272141545632e-01
1.080690021831046121e-01
9.483794988827895511e-02
7.723181797149060446e-02
5.860062131269930252e-02
1.713252162200941953e-01
1.000000000101507612e+04
-5.113774348912414336e-03
-3.174307389050001760e-03
-3.124388227908614368e-03
-4.023254104632778549e-03
-4.867856613604670812e-03
-5.168359321141791085e-03
-4.798485650403971903e-03
-3.837606248620950566e-03
-2.456537716308826447e-03
-8.621277384537329169e-04
7.297435862902990067e-04
2.109776024406428974e-03
3.093468189750536723e-03
3.540795193586465661e-03
3.377507935720558407e-03
2.612598000694507649e-03
1.348895225908974815e-03
-2.009107830762968394e-04
-1.675377125777645707e-03
-2.477887760798639163e-03
-1.671806336133618408e-03
-4.775416455022943579e-04
3.034660237523946480e-04
3.561677311582383447e-04
-7.432541106240089183e-05
-8.453422053219581777e-05
-1.429611511948067887e-08
1.411555364605758570e-08
-4.359085680982534103e-09
9.489264490012716982e-10
3.775371174894538116e-10
1.647653160035338196e-10
1.272044059165063096e-11
2.547776466999409211e-12
2.133648147431219248e-11
7.209594210008263593e-12
2.766784806757638276e-11
-1.054541249055361338e-12
-1.866352617770687823e-11
6.579242734787773271e-11
-1.798190766422002176e-10
-7.341181571460991871e-05
2.936480676461673996e-04
-4.946377061396892844e-04
-3.427100477534921526e-03
-3.748809510250515533e-03
4.327050686010011638e-03
9.879961540986595403e-03
9.236973765987588347e-03
2.964714422256431448e-03
-1.216103007984803419e-03
-3.673907640181273138e-03
-4.871264787095874738e-03
-5.121766273140204717e-03
-4.625577295368055175e-03
-3.562092444499231902e-03
-2.129252917656865307e-03
-5.462140845671203948e-04
9.606136072330961895e-04
2.183498554811480474e-03
2.959548892064511882e-03
3.191822056115789508e-03
2.859984816587335388e-03
2.025430522991172877e-03
8.373217728481485711e-04
-4.595544695355155418e-04
-1.532298611804013781e-03
-1.986184138626665048e-03
-1.274556770524919950e-03
-3.148097954476707181e-04
2.920742386327758889e-04
2.953473043091150736e-04
-9.056807447225594880e-05
-5.526044370406977228e-05
3.774554819542034850e-08
-7.379493576202506395e-09
-1.079102241332397484e-09
3.600960344046341123e-10
2.300878874413850794e-11
-1.821578369403315134e-10
-1.256541579093593158e-10
-1.212282685852059458e-10
-5.806830512843001043e-11
-9.213576733132977646e-12
-7.373997030273100893e-12
1.978658061061858278e-11
-5.534228973601110105e-12
2.397661537412871975e-12
1.116738436897745803e-11
-9.623374602535664520e-06
3.849353121124712168e-05
4.096719726639030490e-05
-1.387277671856319838e-03
-1.370803622737095263e-03
3.815914126217921643e-03
9.402941796063126606e-03
1.446878055768341387e-02
6.115282587537462788e-03
2.684486334879609970e-04
-3.103520306575235921e-03
-4.652573818534677663e-03
-4.958529478759743370e-03
-4.403520155521034596e-03
-3.258689504426870442e-03
-1.769402339200532026e-03
-1.895343672686511383e-04
1.233699555570844097e-03
2.294840057907476805e-03
2.859404846146440526e-03
2.876839925123331199e-03
2.379894754051981032e-03
1.478038452023031080e-03
3.515458121362696753e-04
-7.452051316411203996e-04
-1.476987499335138260e-03
-1.510604108464241955e-03
-9.260357607135751056e-04
-1.879264421913580093e-04
2.676212229255521546e-04
2.354665469767912647e-04
-1.037992219386620556e-04
-3.133972653221490251e-05
3.002995253138816440e-07
-7.294965996923929598e-08
2.287090721676549219e-09
2.205475945469256406e-10
-3.765511959640591059e-10
-3.001060147098939475e-10
-2.299305479275966039e-10
-9.254713183427579086e-11
-4.389842167704997896e-11
-1.302415135731767062e-11
-5.163543866217690397e-12
-6.217411408766877620e-12
3.426259532764595485e-12
-1.783984072115497781e-12
-1.458907037643658853e-11
1.207193099439902437e-11
-1.522880691235920942e-10
-3.491817971735587889e-05
-1.157451140279884105e-04
-5.123885107655132319e-04
1.741591273690143264e-03
4.831034587037232736e-03
1.137966066679485522e-02
5.586494910525208191e-03
7.716547955474162279e-04
-2.525666571430607021e-03
-4.248971957507952091e-03
-4.665836311369186973e-03
-4.103836139160099705e-03
-2.880625150520232935e-03
-1.315908678860555625e-03
2.702784298297400412e-04
1.599906312365950711e-03
2.480405072178282211e-03
2.821218772745881509e-03
2.625419187618549532e-03
1.973902496388180161e-03
1.013190262647581386e-03
-5.780255413319335123e-05
-1.009371437181511705e-03
-1.579955350789672992e-03
-1.293502593965259115e-03
-7.019609339901288977e-04
-1.134151971498999862e-04
2.252472990410005465e-04
1.794140435182140164e-04
-1.160580676203313373e-04
-2.419430085626065945e-05
-2.732166966777854806e-07
-7.674613875459272334e-08
6.821454458266090747e-11
-4.521777823275915516e-10
7.467109804348889883e-10
8.442750886304583086e-10
4.347705196806621468e-10
8.093322955712353424e-11
-1.626570999236626453e-11
-1.936734042320033165e-11
-6.456916998253195082e-13
-3.143144998609665630e-12
-1.926506650816024703e-12
-3.366020016807082433e-12
1.308951859449576264e-13
8.292167708453671640e-13
3.093519051705420025e-12
-9.623366486287483648e-06
4.273126446556165779e-10
6.551408497991400084e-12
-9.627960951320123232e-04
-2.927965664252077643e-03
5.273358367605118779e-03
3.227963504001341022e-03
2.172279819814826318e-04
-2.443363537767861970e-03
-4.032512339162352966e-03
-4.411758831958323412e-03
-3.742978861339230079e-03
-2.360914843242634120e-03
-6.829599571711586492e-04
8.931683411477209233e-04
2.080113320342968919e-03
2.733192656008742727e-03
2.830148121420683616e-03
2.430759950178495998e-03
1.648486092498513411e-03
6.430723589830600329e-04
-3.740852176033655774e-04
-1.145424940456180735e-03
-1.423216135034716849e-03
-1.086019987814020168e-03
-5.380418046806139786e-04
-7.365305696932939470e-05
1.540409475778722155e-04
1.139354592300398047e-04
-8.182152444194800019e-05
-4.429904870023599840e-06
-1.605000361565099876e-05
-5.722658166609286406e-06
-5.562452383120419800e-08
-7.631720642490936692e-10
-3.347428417356078350e-09
-2.782520726777269766e-09
-1.142299730234629276e-09
-1.631409976394679914e-10
7.987075643175079950e-11
-1.295293313767257865e-11
-7.009792471428629103e-12
-4.873289270930431040e-13
3.200875916577970180e-13
7.195188454357210706e-13
-6.461334277492403368e-13
1.408026617972889539e-12
1.324742978063329677e-13
-2.140732429136856758e-12
-1.083142965215536197e-10
-1.081579446920202770e-04
-6.538331011302027764e-04
3.781280353603898910e-04
4.316866656567830418e-03
1.381750868297282331e-03
-1.187596354887743288e-03
-3.252539515752106425e-03
-4.423067508569800133e-03
-4.408027417304616336e-03
-3.320136475779777996e-03
-1.601808795710812916e-03
2.084330727621930279e-04
1.689704226002231024e-03
2.628659391435972381e-03
2.987050125307477710e-03
2.827269439327984024e-03
2.253699719564836168e-03
1.390084994103937821e-03
3.820544005589954217e-04
-5.798074678949154126e-04
-1.227547039476103649e-03
-1.228421989374687802e-03
-8.371900188884309930e-04
-3.512728939274239667e-04
-1.327938058894517163e-05
6.210874173239800452e-05
-4.142881256820091403e-05
-5.331658739081101520e-05
4.254417622966933738e-05
9.323395315396372214e-05
1.658658894345659815e-05
-3.402668746682278440e-07
-9.235155708781848846e-07
-1.065559686931605051e-05
-1.952440663578517522e-05
-1.741303920613045250e-05
-7.398038511609770319e-06
-4.578694799787677125e-09
-7.490498186242416195e-11
-4.365079856221667866e-11
-1.162466802469808236e-11
-4.527548964192982882e-12
-1.664771355359710676e-12
-1.143742615405194450e-12
-5.293491305079108114e-13
-6.341096377699579497e-13
8.202511474269125543e-13
-9.721147837899551254e-12
-2.086236792355500595e-04
5.746141871885404769e-05
4.818164368612985835e-04
3.832909603960460432e-03
2.433546070861325461e-04
-2.799472943410097336e-03
-4.935292408668634501e-03
-5.588709303136818463e-03
-4.671615707952825325e-03
-2.713191172174500565e-03
-4.873362328945418653e-04
1.364755840375209139e-03
2.564526243143461226e-03
3.111368786076429416e-03
3.126136885268693266e-03
2.733164992576475605e-03
2.041587836672270617e-03
1.165049829532638359e-03
2.308640629936214994e-04
-6.151320324774608300e-04
-1.171449591042693274e-03
-9.877603165311878326e-04
-5.643484938438686829e-04
-1.352798612360268070e-04
1.162997573072827940e-04
4.612035584291684486e-05
-3.131100390539408155e-04
-3.613483911643422335e-04
-2.288991963189220208e-04
-9.620041609978793352e-05
-2.343153908260646557e-05
3.458970318651215816e-06
-1.734297497907738301e-06
4.257975717190657419e-05
7.811231263406249146e-05
6.965893507351256025e-05
2.959296138201272257e-05
1.795221212293488347e-08
4.220486300013055010e-10
1.027540325108685122e-10
-8.825922488813111096e-11
-8.678633923718959917e-10
-3.391151704335229854e-10
-3.551693253710018990e-12
-7.941530544779773320e-13
1.049322866333705321e-13
-1.239497114397820784e-12
-2.261037454467180118e-04
4.220759566675574555e-04
-1.136212315242961452e-03
-3.108314934684009920e-03
5.411116831200740718e-03
4.979276045045111232e-04
-4.439147464737003279e-03
-7.419598630943990969e-03
-7.268679841301306510e-03
-4.850508693793664783e-03
-1.672314618725634361e-03
1.012586678148408303e-03
2.614429059358824858e-03
3.275905286526603621e-03
3.328914277771488628e-03
3.028705764644173959e-03
2.483616596061222204e-03
1.752809039752251108e-03
9.273321508629014942e-04
1.440936977183601697e-04
-4.526238006555723115e-04
-7.326324071868575705e-04
-6.170694312908845541e-04
-3.006874713325970866e-04
4.622049948770339672e-05
2.804110895296666080e-04
2.507182434934869097e-04
-1.122729907724483080e-04
-6.261902038498781600e-04
-5.219320068170676518e-04
-4.595781469714402636e-04
-3.949864068013136660e-04
-3.349465879008161652e-04
-2.101185213019779810e-04
-1.719601955557369685e-04
-1.576233855126186187e-04
-1.119352973235160050e-04
-3.863072926852714588e-05
1.212451586649751526e-05
-7.381618735192274431e-06
-4.196886502710138671e-09
3.987622230970596397e-10
3.474982860194811219e-09
1.350469216022890004e-09
9.704428009173322866e-12
2.460815220442401917e-13
-2.859874000793083542e-13
-1.083462968506660940e-05
2.159735922536852495e-04
-1.300155334501516000e-04
-1.843008356767914403e-03
5.982893236409455792e-03
1.824279352578322966e-02
3.533138064944874035e-03
-6.324757501966482565e-03
-1.009152825135473108e-02
-8.596363013703034461e-03
-4.359732223226053804e-03
-9.181424435433793718e-05
2.553992129401660982e-03
3.495198865913318187e-03
3.488379275959130332e-03
3.106498315906869312e-03
2.614872796966621893e-03
2.044569528186671037e-03
1.366490701387237938e-03
6.475418643244225392e-04
5.189182504435584098e-05
-2.823343489118355920e-04
-3.529617667993086710e-04
-2.667566692693464775e-04
-9.445880629157556163e-05
1.455790934519491514e-04
3.951114411922824338e-04
5.021070727700078021e-04
3.604210889873262803e-04
9.620982362807740159e-05
9.554849701637660973e-06
-1.123109779632964182e-04
-3.573576733362279615e-04
-4.086730645226999766e-04
-4.954641780873375589e-04
-5.933300101883325853e-04
-6.862424586161348624e-04
-7.084191394474354322e-04
-6.540605110094830288e-04
-5.496943336373411558e-04
-4.152792903638449534e-04
-3.060043051154951723e-04
-2.016599695251933386e-04
-8.937731278218766413e-05
-8.781319914965850625e-06
4.481274424584226080e-10
-3.296252029584530766e-10
-1.314193869770989890e-04
5.256775485074998387e-04
-6.238524992861907773e-04
-3.601034714863613102e-03
4.122162869773789845e-03
1.565302832493361412e-02
2.392125656601015726e-02
3.310437449962788659e-03
-8.398116104326946996e-03
-1.084672445678336317e-02
-7.181282708025871209e-03
-1.989706382849176780e-03
1.538507828819701828e-03
3.127768251052764903e-03
3.342059877420477942e-03
2.928291089483392451e-03
2.400744675411903284e-03
1.880645134737707336e-03
1.377292380850228537e-03
8.503467400204217652e-04
3.241042856528611460e-04
-6.776490540600504930e-05
-2.130141102849245072e-04
-1.685520852264081604e-04
-8.025007689091423480e-05
1.345209647933727493e-05
1.757281280158340397e-04
4.144362760207503243e-04
6.031597638082759893e-04
6.533172409924521695e-04
6.169051712657442656e-04
5.763409244541333083e-04
5.201932469324382132e-04
4.154190412757519015e-04
3.648755333440035836e-04
3.483809503471768437e-04
3.600362440916124213e-04
3.380128679294743324e-04
1.958931566099143167e-04
5.361845246294173436e-05
-5.042189814428192564e-05
-2.365355316261349170e-04
-4.562723896642711442e-04
-7.047985204531498392e-04
-9.481916111005376071e-04
-1.018508987590227479e-03
-7.295947560861053673e-04
-3.113189137539375761e-04
-3.530424502011929744e-04
1.412169810778015917e-03
-3.000257963888201991e-03
-8.841904799146517446e-03
8.880344486734990939e-03
1.756800066363515406e-02
1.084490573218922782e-02
-5.647930201226780689e-03
-1.053134427418037089e-02
-6.480153780383024475e-03
-8.880174620798930718e-04
1.914012526305020057e-03
2.029871728113807894e-03
1.761848734746190859e-03
1.738640534650753855e-03
1.693980996951366391e-03
1.387054159106615447e-03
8.649472744213099196e-04
3.734517123835379149e-04
1.008270023820645456e-04
1.554077946635396001e-05
-6.612448495812994764e-05
-2.132612903385684711e-04
-3.193015516819719402e-04
-2.220485038715511172e-04
5.658998692415623255e-05
2.917117427053209089e-04
3.430159294113832580e-04
3.080946589670979785e-04
4.157715764755969684e-04
6.563563416992004851e-04
8.029787973335162504e-04
7.563442580143710930e-04
6.386641428725208305e-04
6.558753426631081657e-04
8.200403254622194195e-04
9.740796635953597425e-04
9.965436924401567705e-04
9.161264590321648894e-04
8.793860784443378441e-04
9.089135010455437220e-04
9.149251432543162050e-04
9.000432047122963785e-04
9.406516196794196790e-04
1.064709848828144113e-03
1.056033367129668088e-03
4.137903704903144603e-04
-5.683969915501025608e-05
-7.140867054536222287e-04
1.835958867303791233e-03
-4.157414396199377894e-03
-1.389123882934784754e-02
1.169888345631008714e-02
1.370365710080900801e-02
-1.805302234367742176e-02
-2.606327560607607507e-02
-1.369356261718693291e-02
5.386593408091555624e-03
1.084300186820769119e-02
4.316761337333996362e-03
-1.217736997678187105e-03
-1.865387209600194440e-03
-6.130948777303968367e-04
3.411853010331089564e-04
4.153663418628578130e-04
-3.600292236286203873e-04
-1.156716614107954066e-03
-1.069071254980132057e-03
-1.726684137610817737e-04
4.098307697101150060e-04
-1.284237613657437937e-04
-1.020128412266466111e-03
-9.281836516769684242e-04
1.569351291090675948e-04
8.329050315865615950e-04
2.404636173165275448e-04
-6.247027062428536781e-04
-5.451229239912779023e-04
3.167550169790069037e-04
7.836762617439915757e-04
3.622725221965918119e-04
-1.576231529620587823e-04
-8.061622360657806630e-05
4.285043919861238060e-04
7.175919993064397429e-04
5.265499129040434462e-04
2.666825629645689158e-04
3.514745194345778728e-04
6.595269050550271392e-04
8.071126078361993625e-04
7.778178942875173946e-04
8.585147975332507037e-04
1.088167004844630033e-03
1.181337827791649649e-03
1.029280690901506834e-03
1.026907516771883395e-03
6.964257846696733948e-04
1.006477382546446539e-03
-2.641678200121719278e-03
-1.298685860074527514e-02
1.190410400502445870e-02
1.175052521683958573e-02
-2.974299206195144679e-02
-5.616743675627500210e-02
-1.810696453222948588e-02
2.568106570590485138e-02
2.643240343782502638e-02
7.351946585088600661e-04
-9.105799364489353120e-03
-7.171132820105022287e-03
-2.982410985864974301e-03
-7.591485011614537703e-04
-2.982325873790159232e-04
-1.659544406187353494e-03
-3.188864876220699751e-03
-2.698083480935475897e-03
-2.141878018904752601e-04
1.593248329708855937e-03
1.739427016170386198e-04
-2.310875463516319506e-03
-2.253624813629714896e-03
4.249387645212168718e-04
2.082143476077158439e-03
1.655690642542451130e-04
-2.201692330878080028e-03
-2.115181746575399424e-03
-7.204303278569162972e-05
9.118783609382008493e-04
-4.784349913964265621e-04
-1.768114677619093966e-03
-1.579858527349056740e-03
-4.767996098294889629e-04
-2.388639935811676107e-05
-7.725522832904875570e-04
-1.500423531718121650e-03
-1.297819098533884580e-03
-5.875947930281434639e-04
-4.724355672319699440e-04
-9.242043671884511702e-04
-1.119708395037138059e-03
-1.049041197085581051e-03
-1.213455893979277327e-03
-1.560506838791832565e-03
-8.178892263840326429e-04
9.373171872199500577e-04
-2.729467346941230697e-04
-5.518855758282508643e-05
-4.623354204390113130e-24
-2.467749936530419606e-04
1.189501213020468379e-02
