9.665801894835758246e-01
7.274421270044264531e-01
4.166256896975510937e-01
1.198292018062367958e-01
-6.194150997991176855e-02
-1.638034399845050837e-01
-2.229144677554108778e-01
-2.480506157897555408e-01
-2.318821460536982237e-01
-1.973930148300263865e-01
-1.834399053313311434e-01
-1.866279697144088978e-01
-1.778515013558663038e-01
-1.691098487453215615e-01
-1.799239123328228440e-01
-1.910165307075857577e-01
-1.837701923507675250e-01
-1.766722085076688487e-01
-1.860800392777892664e-01
-1.990691905424862573e-01
-1.919403041969193202e-01
-1.871735840003967422e-01
-1.972960387928556214e-01
-2.136593047314562233e-01
-2.212751335483744697e-01
-2.331221298763819783e-01
-2.567164976013900368e-01
-2.753912037223994469e-01
-2.691118467111311974e-01
-2.548123351921366964e-01
-2.488751398605905940e-01
-2.492393960265300024e-01
-2.447132152122771798e-01
-2.490769120538168790e-01
-2.652822007195654863e-01
-2.742367615389159630e-01
-2.360561710361088750e-01
2.168100688345306892e-01
1.000038433932010958e+04
-2.498311258143993463e+00
-2.500858272903330182e+00
-2.501555206531739017e+00
-2.501027775262121722e+00
-2.499502192124277933e+00
-2.498930286585893779e+00
-2.499174206686396893e+00
-2.499742169387556778e+00
-2.500088002900007211e+00
-2.500081562964797222e+00
-2.499918488552723250e+00
-2.499775274759737709e+00
-2.499747702241807534e+00
-2.499784414984485892e+00
-2.499823685569525722e+00
-2.499852069321437220e+00
-2.499875552756241959e+00
-2.499904258877815977e+00
-2.499914470859925686e+00
-2.499915636239847139e+00
-2.499916657191916691e+00
-2.499920957418367173e+00
-2.499932848914331984e+00
-2.499934059207291615e+00
-2.499934450333233471e+00
-2.499940931360537189e+00
-2.499943244008254961e+00
-2.499939302822057119e+00
-2.499938504640628167e+00
-2.499950524158906617e+00
-2.499964352276628166e+00
-2.499977949947020051e+00
-2.499984030572166560e+00
-2.499991435295769282e+00
-2.500002959913652845e+00
-2.500014466327237450e+00
-2.500019718755964071e+00
-2.500019787579532249e+00
-2.500002504098719491e+00
-2.499969109100663722e+00
-2.499953112110555153e+00
-2.499956107120048898e+00
-2.500020086493502713e+00
-2.500144761732947529e+00
-2.500231469362161008e+00
-2.500128770559597147e+00
-2.499731469533393202e+00
-2.499129881200873093e+00
-2.498439035963482269e+00
-2.501135737500030931e+00
-2.501431666812453436e+00
-2.500759328310396601e+00
-2.499084390195297267e+00
-2.498766839595173650e+00
-2.499223016262946739e+00
-2.499856749366180519e+00
-2.500180785968844077e+00
-2.500170266044619893e+00
-2.500024220157510246e+00
-2.499916715506357079e+00
-2.499916453465485855e+00
-2.499959017186585086e+00
-2.499961895465769857e+00
-2.499948165539637834e+00
-2.499925369107969253e+00
-2.499910317983165875e+00
-2.499895542658212566e+00
-2.499886841290059447e+00
-2.499887344533358480e+00
-2.499889485988701754e+00
-2.499887380425931838e+00
-2.499888195961632142e+00
-2.499887313438857728e+00
-2.499882840940186757e+00
-2.499884295338052009e+00
-2.499880188438726059e+00
-2.499880587052133230e+00
-2.499885005528904358e+00
-2.499891922053797622e+00
-2.499893637762220067e+00
-2.499893065330364372e+00
-2.499886363949667789e+00
-2.499887714121524773e+00
-2.499893718553104716e+00
-2.499903645102898864e+00
-2.499910207631917736e+00
-2.499905242129335736e+00
-2.499883647242565399e+00
-2.499865632161766715e+00
-2.499862744582691754e+00
-2.499900322498981975e+00
-2.499982258272210878e+00
-2.500042543436119313e+00
-2.499952679093239816e+00
-2.499639007253752432e+00
-2.499224956658321783e+00
-2.498995180341163191e+00
-2.501170237823953979e+00
-2.501298868676087750e+00
-2.500252756375307861e+00
-2.498880170676131662e+00
-2.498844098127865010e+00
-2.499461419493611114e+00
-2.500076381512716495e+00
-2.500292414219275283e+00
-2.500203945393939975e+00
-2.500017404470563420e+00
-2.499916283577838794e+00
-2.499890581226837938e+00
-2.499931249048955806e+00
-2.499951431846534788e+00
-2.499963415035256986e+00
-2.499944543587135026e+00
-2.499918494954583181e+00
-2.499903654252103813e+00
-2.499890259055229880e+00
-2.499887511875191759e+00
-2.499890751172448411e+00
-2.499887294670737781e+00
-2.499882429155380947e+00
-2.499879840865562031e+00
-2.499878564018039651e+00
-2.499877053145107553e+00
-2.499880101530946419e+00
-2.499877804792348890e+00
-2.499871787254035915e+00
-2.499864850269377659e+00
-2.499846356554394244e+00
-2.499819610877576093e+00
-2.499797975177305176e+00
-2.499776492206048140e+00
-2.499771214608102810e+00
-2.499785333068314852e+00
-2.499802762387490329e+00
-2.499815593680791093e+00
-2.499821276415999272e+00
-2.499804671286868007e+00
-2.499794348044973358e+00
-2.499806136925987410e+00
-2.499853540613173664e+00
-2.499889643368802261e+00
-2.499809554043564308e+00
-2.499576292143712575e+00
-2.499320587716133968e+00
-2.499221540362222882e+00
-2.501066957675197600e+00
-2.501062532288938378e+00
-2.499813619530670383e+00
-2.499024245461423543e+00
-2.499233839433592674e+00
-2.499868283402860492e+00
-2.500263641630748435e+00
-2.500233469751421467e+00
-2.500012893026859473e+00
-2.499827235758895760e+00
-2.499766493527888045e+00
-2.499781915642836250e+00
-2.499836161521994171e+00
-2.499893568707926228e+00
-2.499921898879942983e+00
-2.499923297577231196e+00
-2.499907738490061870e+00
-2.499896481679983129e+00
-2.499890550696039604e+00
-2.499891197243712337e+00
-2.499890684307124467e+00
-2.499888528740132010e+00
-2.499888059244985250e+00
-2.499885439699924827e+00
-2.499884511113401597e+00
-2.499888263271992983e+00
-2.499887451831803720e+00
-2.499884820120379825e+00
-2.499868213840638731e+00
-2.499838747960243523e+00
-2.499799647609398434e+00
-2.499747538884322218e+00
-2.499698086967151678e+00
-2.499665215044649447e+00
-2.499652762907156323e+00
-2.499665647355548970e+00
-2.499700499509226681e+00
-2.499730549923638634e+00
-2.499748563696657655e+00
-2.499735946106548923e+00
-2.499716183261756264e+00
-2.499714059010183842e+00
-2.499747492132046389e+00
-2.499765945727842276e+00
-2.499716170120226622e+00
-2.499552888749829727e+00
-2.499408123813803506e+00
-2.499417481556215570e+00
-2.500899218234929666e+00
-2.500799997052163715e+00
-2.499735804200443390e+00
-2.499429958008338559e+00
-2.499736189068312520e+00
-2.500070790895558392e+00
-2.500224131436934893e+00
-2.500088141662371477e+00
-2.499899162845731659e+00
-2.499799568210643752e+00
-2.499762238115093904e+00
-2.499779233183074378e+00
-2.499815831507987696e+00
-2.499856421082950142e+00
-2.499895301412211612e+00
-2.499896146641060746e+00
-2.499889804844518615e+00
-2.499891624439456450e+00
-2.499892707773573530e+00
-2.499893420634725416e+00
-2.499893904110853438e+00
-2.499891794534014444e+00
-2.499890147440038568e+00
-2.499893053573354340e+00
-2.499894468602657405e+00
-2.499898653001729976e+00
-2.499896416220637185e+00
-2.499887468885983122e+00
-2.499872950192252308e+00
-2.499844588732547557e+00
-2.499806627311211837e+00
-2.499768208147713722e+00
-2.499728540498226792e+00
-2.499703439108234448e+00
-2.499692467031735532e+00
-2.499701441835100013e+00
-2.499728155810465147e+00
-2.499747438441468628e+00
-2.499749858703178340e+00
-2.499739617362911837e+00
-2.499726720836350502e+00
-2.499751189996025857e+00
-2.499807755708677526e+00
-2.499849747156089208e+00
-2.499796813319155042e+00
-2.499620688835906712e+00
-2.499447441991017538e+00
-2.499443365779077997e+00
-2.500826694954971785e+00
-2.500681353775120908e+00
-2.499980923207832273e+00
-2.499724422430574577e+00
-2.499851265181586513e+00
-2.500061899848276425e+00
-2.500147788703603879e+00
-2.500086652302754953e+00
-2.499994595641753747e+00
-2.500013291781703728e+00
-2.500006974609064514e+00
-2.499982681016547748e+00
-2.499968606241574243e+00
-2.499927514027503239e+00
-2.499899286206933358e+00
-2.499895749961792646e+00
-2.499887941467604513e+00
-2.499889329768981483e+00
-2.499900245392519871e+00
-2.499903545668656246e+00
-2.499902872032709222e+00
-2.499901639200071912e+00
-2.499900496137704486e+00
-2.499904863066303662e+00
-2.499906963552585459e+00
-2.499907118870980494e+00
-2.499907423030854225e+00
-2.499902557578088658e+00
-2.499901436913068764e+00
-2.499917235742920685e+00
-2.499945416143393828e+00
-2.499988597708200366e+00
-2.500026053119907221e+00
-2.500049396865871909e+00
-2.500060853053032606e+00
-2.500053963969119941e+00
-2.500032895515636344e+00
-2.499997347549964388e+00
-2.499944238653278195e+00
-2.499915873027346525e+00
-2.499941409328053865e+00
-2.500042865937962766e+00
-2.500191305173218304e+00
-2.500275041080648464e+00
-2.500172693972544380e+00
-2.499843318233225808e+00
-2.499443364302782467e+00
-2.499239040715457882e+00
-2.500724823041655220e+00
-2.500627669381144003e+00
-2.499908951308271288e+00
-2.499538110998452467e+00
-2.499698853261127063e+00
-2.499972110646440981e+00
-2.500170527875159365e+00
-2.500210276136091370e+00
-2.500285225799204980e+00
-2.500327188391914923e+00
-2.500341238984512771e+00
-2.500316548638647163e+00
-2.500167107976263292e+00
-2.500026946382562620e+00
-2.499956925040135669e+00
-2.499903331955286134e+00
-2.499901785191648518e+00
-2.499904628540087437e+00
-2.499915374058115258e+00
-2.499928270739695257e+00
-2.499929240825559340e+00
-2.499926673498173102e+00
-2.499927015481259840e+00
-2.499927677334786047e+00
-2.499931628059510302e+00
-2.499930398965984679e+00
-2.499929950342815843e+00
-2.499940894998701424e+00
-2.499971708813056193e+00
-2.500053015722801586e+00
-2.500184854514857946e+00
-2.500348976218740304e+00
-2.500506160326903426e+00
-2.500609991990315972e+00
-2.500648438975448862e+00
-2.500617248536165071e+00
-2.500538407436796007e+00
-2.500419389355055699e+00
-2.500285458106740855e+00
-2.500227996022450050e+00
-2.500318537678856146e+00
-2.500527662263619000e+00
-2.500764892394192973e+00
-2.500872633367349884e+00
-2.500681098896337051e+00
-2.500126706957865430e+00
-2.499411440597255396e+00
-2.498819726517082174e+00
-2.501685763985911137e+00
-2.500213073601537772e+00
-2.499480331898662033e+00
-2.499195628383115153e+00
-2.499530503790579505e+00
-2.499884707717235699e+00
-2.500153642120603870e+00
-2.500260097264993764e+00
-2.500235343316377978e+00
-2.500298563270595409e+00
-2.500371896618690304e+00
-2.500294858910057094e+00
-2.500231637329928702e+00
-2.500107649276875232e+00
-2.499989667358944345e+00
-2.499933515409527462e+00
-2.499901422755902658e+00
-2.499921519071355291e+00
-2.499941160993730982e+00
-2.499955541065256082e+00
-2.499963700844374692e+00
-2.499960373783186807e+00
-2.499959469340742757e+00
-2.499958108134426205e+00
-2.499954990484280160e+00
-2.499954073239598173e+00
-2.499955998330577245e+00
-2.499983698115159747e+00
-2.500038421542049250e+00
-2.500141860931430315e+00
-2.500303733826080510e+00
-2.500483022637380426e+00
-2.500654970631969398e+00
-2.500782095328362153e+00
-2.500830932411151064e+00
-2.500795025014871609e+00
-2.500704000068644461e+00
-2.500574737450007134e+00
-2.500431407217006630e+00
-2.500389606813715915e+00
-2.500509980291430345e+00
-2.500735100853779258e+00
-2.500925921395529272e+00
-2.500934972053026506e+00
-2.500631711534729185e+00
-2.500057201524573891e+00
-2.499487131438018928e+00
-2.499143145077453276e+00
-2.500652240496224366e+00
-2.498857389148328778e+00
-2.498667583657699254e+00
-2.499149128689121646e+00
-2.499597749444470551e+00
-2.499600139907306229e+00
-2.499580995161141850e+00
-2.499551180083580348e+00
-2.499568582182893905e+00
-2.499486655493170062e+00
-2.499358856518224314e+00
-2.499571664684954619e+00
-2.499858940629920756e+00
-2.500045276260440374e+00
-2.499987141375230593e+00
-2.499912348979960619e+00
-2.499867355161877303e+00
-2.499879778554494170e+00
-2.499923351857711307e+00
-2.499943880973751309e+00
-2.499950233060347138e+00
-2.499945406013933891e+00
-2.499940647558226647e+00
-2.499937846285035459e+00
-2.499923594255449633e+00
-2.499909280950996404e+00
-2.499898023918081691e+00
-2.499916177844726306e+00
-2.499976579944160893e+00
-2.500002141369386699e+00
-2.499930504363830686e+00
-2.499800689271569620e+00
-2.499705101303431043e+00
-2.499691414730489392e+00
-2.499732837125815621e+00
-2.499762112071544529e+00
-2.499726160476865466e+00
-2.499737078640654531e+00
-2.499863762784186871e+00
-2.499963397336255611e+00
-2.499986079963977481e+00
-2.499973852288303267e+00
-2.499936111974493613e+00
-2.499647876297910187e+00
-2.499130931287775859e+00
-2.498972332275558372e+00
-2.499822399832330788e+00
-2.502452825762710553e+00
-2.499097790985767897e+00
-2.497669407650778162e+00
-2.499867056612258942e+00
-2.499694006284837400e+00
-2.499966447508069400e+00
-2.500348401811679722e+00
-2.498128746255737997e+00
-2.497762685009620398e+00
-2.498617152444129186e+00
-2.497526197270659054e+00
-2.497072873705345586e+00
-2.497829891183657391e+00
-2.498915960832656324e+00
-2.499404366978539294e+00
-2.499433491243501226e+00
-2.499291994494460489e+00
-2.499309874775430096e+00
-2.499343975297148912e+00
-2.499352859069209565e+00
-2.499377119967059802e+00
-2.499372422546473516e+00
-2.499366170782181484e+00
-2.499367941367413692e+00
-2.499367079236217037e+00
-2.499295778292765391e+00
-2.499282841676616851e+00
-2.499244631963379426e+00
-2.499213059123781999e+00
-2.499285613082591784e+00
-2.499169711791701332e+00
-2.498689683731599942e+00
-2.497989319789529539e+00
-2.497363196362161641e+00
-2.496987377291669752e+00
-2.496989823849405266e+00
-2.497176622473939567e+00
-2.497201334370456216e+00
-2.497486886306468090e+00
-2.498179033376222602e+00
-2.498569077715673270e+00
-2.498328708899329342e+00
-2.497865301838497309e+00
-2.497543953116663218e+00
-2.496891517868048638e+00
-2.496158209077896650e+00
-2.496629837108480299e+00
-2.500110406859559653e+00
-2.505319551738735218e+00
-2.498317478512797507e+00
-2.496933223550303005e+00
-2.505139203161748540e+00
-2.501472546228741045e+00
-2.501103235859113205e+00
-2.503129892316876326e+00
-2.499437915236191632e+00
-2.499465405584699873e+00
-2.502277642777711808e+00
-2.499424869831033735e+00
-2.499232687449393531e+00
-2.499806567941355695e+00
-2.500792355694748892e+00
-2.500558080404280847e+00
-2.500342377404482619e+00
-2.500435094249233714e+00
-2.500374195598752181e+00
-2.500343630703280695e+00
-2.500476812453061193e+00
-2.500369629425575724e+00
-2.500401576586305907e+00
-2.500496331437921160e+00
-2.500466229724412237e+00
-2.500373298204355610e+00
-2.500523106508263815e+00
-2.500445341864891979e+00
-2.500462132545699490e+00
-2.500503251349240674e+00
-2.500361497956663293e+00
-2.500626023575767576e+00
-2.500133303093943660e+00
-2.499471285974550483e+00
-2.499352935176384349e+00
-2.498997915852422036e+00
-2.499055117584704000e+00
-2.499897003201935419e+00
-2.499358317654911232e+00
-2.499224085625467495e+00
-2.500240428642622526e+00
-2.500478108343671124e+00
-2.500251886602004703e+00
-2.499220255269374302e+00
-2.499953940430963861e+00
-2.499505346027395269e+00
-2.498308177378851802e+00
-2.498399015886883401e+00
-2.500326425834306754e+00
-2.508882785797132975e+00
-2.497781298325501886e+00
-2.496172199419781190e+00
-2.502085334483643564e+00
-2.498822626484983545e+00
-2.499090351158586021e+00
-2.499454106573121059e+00
-2.501247738306507262e+00
-2.502162241900906636e+00
-2.502048528228077107e+00
-2.503241718046981923e+00
-2.503276366329162173e+00
-2.502560971768017950e+00
-2.501448220182312276e+00
-2.500835283820368904e+00
-2.500467179525955430e+00
-2.499996238239703406e+00
-2.500203490744169699e+00
-2.500395544996936170e+00
-2.500012893347614451e+00
-2.500394729745276656e+00
-2.500271115567222591e+00
-2.500042224715679939e+00
-2.500075854034784051e+00
-2.500507645358484687e+00
-2.499945863481215280e+00
-2.500333272312339705e+00
-2.500233034883845296e+00
-2.499875863392065689e+00
-2.500536488690093151e+00
-2.500846648306553455e+00
-2.501569293480922163e+00
-2.502735031346798866e+00
-2.503607226670955921e+00
-2.504317686225112638e+00
-2.504382245455273548e+00
-2.503925722074006543e+00
-2.503522200139209453e+00
-2.502816952405157558e+00
-2.502213040929863297e+00
-2.501762763981999704e+00
-2.502076433349698092e+00
-2.502882075402783180e+00
-2.503915028950776112e+00
-2.505013979824987302e+00
-2.505314127198114527e+00
-2.500910426218319493e+00
-2.504700381676554510e+00
-2.479077299610306095e+00
-2.511442430911561274e+00
-2.496583702598583976e+00
-2.498230364171717177e+00
-2.500287537883377986e+00
-2.499538953792036278e+00
-2.499721878815171827e+00
-2.499091640148095372e+00
-2.498726875507861767e+00
-2.498585823306551212e+00
-2.498059315500361866e+00
-2.498125097717906584e+00
-2.498557731052176489e+00
-2.499063889161194041e+00
-2.499293812771356649e+00
-2.499268723344027165e+00
-2.499545220237461507e+00
-2.499654114193682553e+00
-2.499617840581780825e+00
-2.499537791043967783e+00
-2.499337853457313852e+00
-2.499508786563505502e+00
-2.499689607555111603e+00
-2.499657930990411447e+00
-2.499509584407078933e+00
-2.499363707244102617e+00
-2.499527482410885959e+00
-2.499649783359499722e+00
-2.499677208896107672e+00
-2.499441648560036811e+00
-2.499134432473759659e+00
-2.498946353676501975e+00
-2.498613872993034946e+00
-2.498206684489328921e+00
-2.497854109008206702e+00
-2.497694960878510173e+00
-2.497984659893926818e+00
-2.498252586156868293e+00
-2.498523522202415581e+00
-2.498739635814298587e+00
-2.498770240652971264e+00
-2.498789172824239735e+00
-2.498510148520686425e+00
-2.498061640349231283e+00
-2.497629192105851992e+00
-2.496846970052588155e+00
-2.495533585199381399e+00
-2.506046060880940729e+00
