9.335812293491202452e-02
5.569089974553688149e-01
1.186887710188250900e+00
1.620872541731385841e+00
1.633327882620639881e+00
1.286477463118409048e+00
-4.522230164371202621e-01
-4.175276330393011270e-01
2.569081801500697759e-01
1.608651899527052898e+00
2.476014133565733744e+00
2.377794322331101995e+00
1.767885387116582496e+00
-9.630599088383902107e-01
-1.567159276762450260e+00
-1.125149763568064731e+00
2.791380005789990015e+00
4.455594974101091843e+00
3.569313605030402403e+00
2.414396339037689021e+00
-1.266523915047426341e+00
-2.961713634730603228e+00
-9.606465975982143135e+00
1.023873365227720988e+01
7.962862481127550573e+00
4.792200922374136418e+00
3.045912624489549358e+00
-8.524719406916726472e-01
-1.772386563589488873e+00
-2.159380905618426105e+00
4.929759309616806640e+00
6.820466584760864315e+00
5.175807390757249493e+00
3.518585280144545191e+00
-9.771217387694396128e-03
1.975895622533971607e-01
1.332433394625617051e+00
3.798321655335440639e+00
5.475802464335193243e+00
5.508303297036509782e+00
4.148362182297110401e+00
7.207573546999710423e-01
1.381726238718002486e+00
2.549388448294819920e+00
4.181332880336182889e+00
5.807769208705926722e+00
7.113817781768763560e+00
6.254186667076329975e+00
1.190509582657457210e+00
2.021304021798924211e+00
3.177187482732205748e+00
4.651918856794592827e+00
6.435123088512107792e+00
9.269774940789471174e+00
8.954469171356944923e-02
5.677528801623932253e-01
1.212540782980372711e+00
1.656960534813299635e+00
1.671844687348666980e+00
1.318771775409157021e+00
-4.664923516918337842e-01
-4.212922006876971825e-01
2.642888739533528764e-01
1.626592757336126738e+00
2.499661258117276130e+00
2.402373259436336728e+00
1.788524003366641857e+00
-9.773781076660424949e-01
-1.570923844410845760e+00
-1.130265484014800093e+00
2.815919828477240205e+00
4.469637383960161969e+00
3.586509935900934476e+00
2.428101786447562915e+00
-1.277378924971344532e+00
-2.952981788128984153e+00
-9.611581696428846300e+00
1.026300489884097011e+01
7.961451684204193135e+00
4.803464989570145782e+00
3.055900820884949187e+00
-8.556147356325450870e-01
-1.770253681866040596e+00
-2.164228049941677945e+00
4.954030556180579303e+00
6.830014029922862662e+00
5.186476214570892473e+00
3.526486797343355128e+00
-4.731437981910410198e-04
2.093271586693109809e-01
1.343039457084801880e+00
3.811634659813877946e+00
5.485349909497168497e+00
5.518442958941585097e+00
4.153840677149560179e+00
7.439932959122717016e-01
1.400846441368605477e+00
2.565926774428540114e+00
4.195241128196988356e+00
5.817845815776457208e+00
7.123957443673856638e+00
6.309797836170203844e+00
1.225401219910447592e+00
2.047357393289710448e+00
3.197443059880395566e+00
4.667913783851982856e+00
6.447622717928997993e+00
9.229781928453041573e+00
2.509281358065614587e+00
2.392602042047639710e+00
3.809828025164570420e+00
1.647189317424605060e+00
3.784099498153335794e+00
5.605289269178772571e+00
3.600688422876994754e-01
2.697250820369676116e+00
6.135898384194750754e+00
7.707819677678555692e+00
-6.987710348860340925e-01
-1.457938062543643054e-01
5.802070778584785593e+00
8.984797869905312595e+00
9.961609885854505464e+00
-8.735152171258143694e-01
-2.697424760778250441e+00
6.565389228578126790e-01
1.175977333953865411e+01
1.099424542327580312e+01
1.342361561793800462e+01
-1.988451477451145921e+00
-1.073673145999795508e+01
1.519276420845677755e+01
1.230581649425705315e+01
1.263226074070938054e+01
-8.840199847321378313e-01
-2.696073607979912801e+00
6.271519558473156453e-01
1.177449714094045063e+01
1.099365320653269507e+01
1.337814411074918830e+01
-7.204699275169753614e-01
-1.616017823399877318e-01
5.798634431184876981e+00
8.987442050570148666e+00
9.966207998072547980e+00
3.312729745547082216e-01
2.685341292234048272e+00
6.135240379457933102e+00
7.713826408340556107e+00
1.620399397932194674e+00
3.778640763698711602e+00
5.611839398917095600e+00
2.377321178531911272e+00
3.815242780405301293e+00
2.511878683027856773e+00
5.561116909489394883e-02
2.975595261377735667e+00
-2.959977104618218391e+00
2.299260535632902780e+00
1.013966190607937072e-02
-2.281282411361561291e+00
1.149328503708447746e+00
3.095425187409260870e-01
-2.893262497633173891e-01
-1.125432059450246491e+00
1.515304353918502656e-01
-9.805662625592630466e-01
9.547445162970437382e-03
1.005143334235699459e+00
-1.212866618462594831e-01
-3.670389457469784844e-01
-2.226274147944598880e+00
-3.008831924945996938e+00
3.031692374588405681e+00
2.254076541276324175e+00
4.067977646496402921e-01
-5.424841672051369246e-01
-2.168467163660794839e+00
-6.619823024041774140e+00
2.427124656476091491e-02
6.629018289579604151e+00
2.204783697183936297e+00
5.980144207101839582e-01
-1.633801026417829760e+00
-4.246267815430768700e+00
-1.240296170221788330e+01
1.242238580446040075e+01
4.272047821707763759e+00
1.681615904737363110e+00
-2.476487277362925621e+00
-4.561633687655031189e+00
-5.115720445734716314e-03
4.588306392067726946e+00
2.509432475505971816e+00
-2.464266635158594898e+00
-1.827832024559916002e+00
1.831448150716804557e+00
2.479064698028797142e+00
-1.534287105120413441e+00
-3.764567647395581067e-03
1.530812789001779528e+00
-5.598504746257461084e-01
5.417677081516911741e-01
-1.426933525371332397e-02
