0.025 0.020 0.010
0.025 0.050 0.010
0.025 0.080 0.010
0.025 0.110 0.010
0.025 0.140 0.010
0.025 0.170 0.010
0.025 0.200 0.010
0.025 0.230 0.010
0.025 0.260 0.010
0.025 0.290 0.010
0.025 0.320 0.010
0.025 0.350 0.010
0.025 0.380 0.010
0.025 0.410 0.010
0.025 0.440 0.010
0.025 0.470 0.010
0.025 0.500 0.010
0.055 0.020 0.010
0.055 0.050 0.010
0.055 0.080 0.010
0.055 0.110 0.010
0.055 0.140 0.010
0.055 0.170 0.010
0.055 0.200 0.010
0.055 0.230 0.010
0.055 0.260 0.010
0.055 0.290 0.010
0.055 0.320 0.010
0.055 0.350 0.010
0.055 0.380 0.010
0.055 0.410 0.010
0.055 0.440 0.010
0.055 0.470 0.010
0.055 0.500 0.010
0.085 0.020 0.010
0.085 0.050 0.010
0.085 0.080 0.010
0.085 0.110 0.010
0.085 0.140 0.010
0.085 0.170 0.010
0.085 0.200 0.010
0.085 0.230 0.010
0.085 0.260 0.010
0.085 0.290 0.010
0.085 0.320 0.010
0.085 0.350 0.010
0.085 0.380 0.010
0.085 0.410 0.010
0.085 0.440 0.010
0.085 0.470 0.010
0.085 0.500 0.010
0.115 0.020 0.010
0.115 0.050 0.010
0.115 0.080 0.010
0.115 0.110 0.010
0.115 0.140 0.010
0.115 0.170 0.010
0.115 0.200 0.010
0.115 0.230 0.010
0.115 0.260 0.010
0.115 0.290 0.010
0.115 0.320 0.010
0.115 0.350 0.010
0.115 0.380 0.010
0.115 0.410 0.010
0.115 0.440 0.010
0.115 0.470 0.010
0.115 0.500 0.010
0.145 0.020 0.010
0.145 0.050 0.010
0.145 0.080 0.010
0.145 0.110 0.010
0.145 0.140 0.010
0.145 0.170 0.010
0.145 0.200 0.010
0.145 0.230 0.010
0.145 0.260 0.010
0.145 0.290 0.010
0.145 0.320 0.010
0.145 0.350 0.010
0.145 0.380 0.010
0.145 0.410 0.010
0.145 0.440 0.010
0.145 0.470 0.010
0.145 0.500 0.010
0.175 0.020 0.010
0.175 0.050 0.010
0.175 0.080 0.010
0.175 0.110 0.010
0.175 0.140 0.010
0.175 0.170 0.010
0.175 0.200 0.010
0.175 0.230 0.010
0.175 0.260 0.010
0.175 0.290 0.010
0.175 0.320 0.010
0.175 0.350 0.010
0.175 0.380 0.010
0.175 0.410 0.010
0.175 0.440 0.010
0.175 0.470 0.010
0.175 0.500 0.010
0.205 0.020 0.010
0.205 0.050 0.010
0.205 0.080 0.010
0.205 0.110 0.010
0.205 0.140 0.010
0.205 0.170 0.010
0.205 0.200 0.010
0.205 0.230 0.010
0.205 0.260 0.010
0.205 0.290 0.010
0.205 0.320 0.010
0.205 0.350 0.010
0.205 0.380 0.010
0.205 0.410 0.010
0.205 0.440 0.010
0.205 0.470 0.010
0.205 0.500 0.010
0.235 0.020 0.010
0.235 0.050 0.010
0.235 0.080 0.010
0.235 0.110 0.010
0.235 0.140 0.010
0.235 0.170 0.010
0.235 0.200 0.010
0.235 0.230 0.010
0.235 0.260 0.010
0.235 0.290 0.010
0.235 0.320 0.010
0.235 0.350 0.010
0.235 0.380 0.010
0.235 0.410 0.010
0.235 0.440 0.010
0.235 0.470 0.010
0.235 0.500 0.010
0.265 0.020 0.010
0.265 0.050 0.010
0.265 0.080 0.010
0.265 0.110 0.010
0.265 0.140 0.010
0.265 0.170 0.010
0.265 0.200 0.010
0.265 0.230 0.010
0.265 0.260 0.010
0.265 0.290 0.010
0.265 0.320 0.010
0.265 0.350 0.010
0.265 0.380 0.010
0.265 0.410 0.010
0.265 0.440 0.010
0.265 0.470 0.010
0.265 0.500 0.010
0.295 0.020 0.010
0.295 0.050 0.010
0.295 0.080 0.010
0.295 0.110 0.010
0.295 0.140 0.010
0.295 0.170 0.010
0.295 0.200 0.010
0.295 0.230 0.010
0.295 0.260 0.010
0.295 0.290 0.010
0.295 0.320 0.010
0.295 0.350 0.010
0.295 0.380 0.010
0.295 0.410 0.010
0.295 0.440 0.010
0.295 0.470 0.010
0.295 0.500 0.010
0.325 0.020 0.010
0.325 0.050 0.010
0.325 0.080 0.010
0.325 0.110 0.010
0.325 0.140 0.010
0.325 0.170 0.010
0.325 0.200 0.010
0.325 0.230 0.010
0.325 0.260 0.010
0.325 0.290 0.010
0.325 0.320 0.010
0.325 0.350 0.010
0.325 0.380 0.010
0.325 0.410 0.010
0.325 0.440 0.010
0.325 0.470 0.010
0.325 0.500 0.010
0.355 0.020 0.010
0.355 0.050 0.010
0.355 0.080 0.010
0.355 0.110 0.010
0.355 0.140 0.010
0.355 0.170 0.010
0.355 0.200 0.010
0.355 0.230 0.010
0.355 0.260 0.010
0.355 0.290 0.010
0.355 0.320 0.010
0.355 0.350 0.010
0.355 0.380 0.010
0.355 0.410 0.010
0.355 0.440 0.010
0.355 0.470 0.010
0.355 0.500 0.010
0.385 0.020 0.010
0.385 0.050 0.010
0.385 0.080 0.010
0.385 0.110 0.010
0.385 0.140 0.010
0.385 0.170 0.010
0.385 0.200 0.010
0.385 0.230 0.010
0.385 0.260 0.010
0.385 0.290 0.010
0.385 0.320 0.010
0.385 0.350 0.010
0.385 0.380 0.010
0.385 0.410 0.010
0.385 0.440 0.010
0.385 0.470 0.010
0.385 0.500 0.010
0.415 0.020 0.010
0.415 0.050 0.010
0.415 0.080 0.010
0.415 0.110 0.010
0.415 0.140 0.010
0.415 0.170 0.010
0.415 0.200 0.010
0.415 0.230 0.010
0.415 0.260 0.010
0.415 0.290 0.010
0.415 0.320 0.010
0.415 0.350 0.010
0.415 0.380 0.010
0.415 0.410 0.010
0.415 0.440 0.010
0.415 0.470 0.010
0.415 0.500 0.010
0.445 0.020 0.010
0.445 0.050 0.010
0.445 0.080 0.010
0.445 0.110 0.010
0.445 0.140 0.010
0.445 0.170 0.010
0.445 0.200 0.010
0.445 0.230 0.010
0.445 0.260 0.010
0.445 0.290 0.010
0.445 0.320 0.010
0.445 0.350 0.010
0.445 0.380 0.010
0.445 0.410 0.010
0.445 0.440 0.010
0.445 0.470 0.010
0.445 0.500 0.010
0.475 0.020 0.010
0.475 0.050 0.010
0.475 0.080 0.010
0.475 0.110 0.010
0.475 0.140 0.010
0.475 0.170 0.010
0.475 0.200 0.010
0.475 0.230 0.010
0.475 0.260 0.010
0.475 0.290 0.010
0.475 0.320 0.010
0.475 0.350 0.010
0.475 0.380 0.010
0.475 0.410 0.010
0.475 0.440 0.010
0.475 0.470 0.010
0.475 0.500 0.010
0.505 0.020 0.010
0.505 0.050 0.010
0.505 0.080 0.010
0.505 0.110 0.010
0.505 0.140 0.010
0.505 0.170 0.010
0.505 0.200 0.010
0.505 0.230 0.010
0.505 0.260 0.010
0.505 0.290 0.010
0.505 0.320 0.010
0.505 0.350 0.010
0.505 0.380 0.010
0.505 0.410 0.010
0.505 0.440 0.010
0.505 0.470 0.010
0.505 0.500 0.010
