4985.388780
5621.890190
3945.442990
1758.335500
716.310385
343.770128
-981.869389
1382.459150
3022.225150
2391.733810
1704.929920
778.830856
348.757205
243.959761
926.245285
1616.510590
1683.643010
1274.079300
627.492719
324.144235
424.415833
653.034100
997.593477
1031.239470
867.109187
553.894394
290.193620
354.257278
418.558659
595.194198
802.783011
627.970455
476.654655
226.801821
244.626740
465.908058
467.581189
581.910948
601.458985
476.440984
255.788128
237.136733
380.961121
432.963936
476.069680
567.808257
565.406078
419.113634
241.028089
335.641633
430.859546
452.420011
568.277138
664.036789
2134.433390
2136.637990
1581.492850
738.313620
407.810632
203.856661
7842.029880
3384.126760
2319.409080
1514.459130
631.028936
401.436766
208.385817
4359.167800
2984.229970
2058.472390
1286.208530
679.185380
316.070386
162.947718
1672.323540
1568.549330
1439.945820
884.092252
551.429303
281.971768
160.809205
87.210821
851.280881
786.521641
657.071983
330.812952
176.079173
137.472766
24.517946
415.475296
378.203266
416.993072
303.917351
142.330486
137.966990
85.166630
262.708359
303.604650
339.518010
303.225741
231.319111
236.579429
88.682710
237.293503
269.599831
275.517743
332.076709
394.207387
444.717880
644.821429
543.108874
983.259998
782.168840
594.053257
1938.348070
1096.614670
749.695208
613.688946
2556.230650
1936.001510
1145.838930
757.723271
705.494704
2359.690900
2973.751560
1880.132440
1133.129810
743.838388
804.551927
4323.875600
3064.568530
1693.516570
935.242609
710.313777
9222.356570
4619.566700
2472.107150
1285.266580
780.305172
650.321921
7419.185290
3258.844240
1654.829230
894.573400
559.848004
4095.440600
2129.696130
934.584438
567.411676
1801.208030
1045.565890
596.650303
807.321746
587.898312
435.666809
-181.734216
-24.222727
-426.920968
76.795305
-333.376030
-430.059001
49.329263
-172.312922
-424.953317
-314.711083
-20.352947
-136.874092
-296.438161
-299.788307
-269.710562
-86.357634
-251.412100
-210.272058
-250.258473
-150.557721
-172.447867
-261.557563
-366.276749
-488.770804
-144.127136
84.940697
-63.998529
-32.798065
-697.252620
-861.549815
-242.683099
292.520099
214.348169
164.232734
-1688.611350
-835.406590
450.835170
871.559809
386.150109
-2324.477980
-34.570666
1417.283150
1165.972170
-1350.632400
2089.977220
1915.648940
3100.073980
3181.953430
8958.815120