4.141434589753886897e+00
3.919565725986577043e+00
4.078523353321171996e+00
3.849191893113855123e+00
3.680898000054710018e+00
3.490217082902211665e+00
3.286680486263547252e+00
3.104780850117552227e+00
2.940706445152638793e+00
2.789117699208992995e+00
2.653692199907802252e+00
2.531464079471950068e+00
2.422427402488967374e+00
2.322903319613080608e+00
2.231913042247535284e+00
2.148851304434789000e+00
2.073101936990686234e+00
2.003486322055374913e+00
1.938034849408965421e+00
1.877780107970416390e+00
1.821963485386295378e+00
1.769847714881004341e+00
1.720202256190512813e+00
1.674034049517404643e+00
1.630039487965814438e+00
1.589129600457935831e+00
1.552740215451041905e+00
1.517261561957503391e+00
1.484708381286895751e+00
1.452144537910565969e+00
1.418977347167673653e+00
1.387432019340572475e+00
1.358808938680514000e+00
1.331669873288990447e+00
1.307495398829634503e+00
1.269721465257123816e+00
1.210757178438887527e+00
2.405533529762292844e+00
1.000038859035662790e+04
-2.509499307602543361e+00
-2.493748322311654775e+00
-2.502666952402813116e+00
-2.501228268394947829e+00
-2.499808944522396992e+00
-2.499930121897917523e+00
-2.499617255518425729e+00
-2.499193665489882310e+00
-2.498940737055630024e+00
-2.500595589064819269e+00
-2.502347104802517208e+00
-2.499554066552637011e+00
-2.499074071214090864e+00
-2.499511836079233440e+00
-2.499803647303403764e+00
-2.500039025975314022e+00
-2.500314716381784486e+00
-2.500252470346937095e+00
-2.499432643151009437e+00
-2.498920713659359194e+00
-2.499811865060340921e+00
-2.501519202654998608e+00
-2.499208675662684342e+00
-2.499915521044155042e+00
-2.500467676991726229e+00
-2.500165316724938691e+00
-2.499395596999003821e+00
-2.498549513366269181e+00
-2.499628465228906915e+00
-2.500703659916799104e+00
-2.499634261360089038e+00
-2.499715933068248575e+00
-2.499912882301491113e+00
-2.499904260612531015e+00
-2.499901574547448213e+00
-2.499892833933906822e+00
-2.499906316838773179e+00
-2.499890181780575205e+00
-2.499898186246409804e+00
-2.499905679042364604e+00
-2.499885837927090293e+00
-2.499911935343477332e+00
-2.499887631109932062e+00
-2.499902708879288671e+00
-2.499891941963796604e+00
-2.499895238808082620e+00
-2.500188402267846222e+00
-2.499336677600541456e+00
-2.486761929604115906e+00
-2.500208909934293899e+00
-2.500526647405675540e+00
-2.499751722704743440e+00
-2.499728866619975953e+00
-2.499953259966187780e+00
-2.500090263394845636e+00
-2.499952702764441703e+00
-2.499645236082892019e+00
-2.499340185719340912e+00
-2.499236982691795728e+00
-2.499890588169274785e+00
-2.501880058932965056e+00
-2.499826933649865524e+00
-2.499217881893208038e+00
-2.499877729884147914e+00
-2.500301675106125998e+00
-2.500215172649867590e+00
-2.499538257977982347e+00
-2.498881829791549158e+00
-2.499805545362862702e+00
-2.501351901773813502e+00
-2.499397089612465983e+00
-2.499950244357969087e+00
-2.500072938219929153e+00
-2.499575207542946487e+00
-2.499283885525687143e+00
-2.500298615255150292e+00
-2.501575474794666132e+00
-2.500143647585655771e+00
-2.499725546621093031e+00
-2.499893444760889594e+00
-2.499902674685728243e+00
-2.499897867422161468e+00
-2.499890473807202973e+00
-2.499909035287881665e+00
-2.499914577227028811e+00
-2.499896575956794820e+00
-2.499918473080466441e+00
-2.499901399903665666e+00
-2.499898452407885774e+00
-2.499918461283840543e+00
-2.499893139297378220e+00
-2.499920618787070836e+00
-2.499896510556456342e+00
-2.499921603167392981e+00
-2.499803485426671301e+00
-2.500097025265619166e+00
-2.503360534449958763e+00
-2.502971183879353134e+00
-2.499310675891257105e+00
-2.499356415957513011e+00
-2.499577209810831313e+00
-2.499703735115225811e+00
-2.499897010088629745e+00
-2.499931353239805532e+00
-2.499708529932354040e+00
-2.499214329059140649e+00
-2.498678443494767087e+00
-2.499067375535421132e+00
-2.500635724355571021e+00
-2.501239449517134616e+00
-2.499986035297173892e+00
-2.499547239759136730e+00
-2.500115830290480901e+00
-2.500221682701709636e+00
-2.499612559243343579e+00
-2.499026696468984454e+00
-2.499789714291921428e+00
-2.501176140738529341e+00
-2.499564994585099065e+00
-2.499933850985540218e+00
-2.499758238639659957e+00
-2.499274121802887105e+00
-2.499708468292874741e+00
-2.500945708130192457e+00
-2.499779272882608261e+00
-2.499569586470578475e+00
-2.499880289285254520e+00
-2.499916351308805851e+00
-2.499921122673080198e+00
-2.499918833207160240e+00
-2.499909042205411325e+00
-2.499906901178496899e+00
-2.499897906809045445e+00
-2.499910555945040969e+00
-2.499900162623327926e+00
-2.499899497888320443e+00
-2.499915079892573111e+00
-2.499902264121455886e+00
-2.499894545184461858e+00
-2.499914004606294426e+00
-2.499881969202668586e+00
-2.499911931614740013e+00
-2.499920206924158617e+00
-2.499843062113262349e+00
-2.498886580370643262e+00
-2.502836491618598558e+00
-2.499758264244088757e+00
-2.499580153458259346e+00
-2.499653413853428319e+00
-2.499625916062989006e+00
-2.499618483961421056e+00
-2.499544642699249586e+00
-2.499379764105519097e+00
-2.499110836167420580e+00
-2.498918037258936131e+00
-2.498884294816762441e+00
-2.498929862726439133e+00
-2.500030133959647127e+00
-2.500995685459276974e+00
-2.500224203382050536e+00
-2.499705831418796986e+00
-2.500083141262643416e+00
-2.499736861880374139e+00
-2.499188204186106432e+00
-2.499797752890880354e+00
-2.500936214657572876e+00
-2.499640403011044842e+00
-2.499822590158122804e+00
-2.499697147806998920e+00
-2.499500330763221534e+00
-2.499914787244261305e+00
-2.500123292124588392e+00
-2.499493503480936685e+00
-2.499835604973964731e+00
-2.499929157919853484e+00
-2.499902138040438704e+00
-2.499895991580689980e+00
-2.499898515375210017e+00
-2.499899552502999889e+00
-2.499902081293727374e+00
-2.499895079748087223e+00
-2.499904100299244369e+00
-2.499892511156502906e+00
-2.499897682367900220e+00
-2.499903612823243026e+00
-2.499887183387170086e+00
-2.499917349327129834e+00
-2.499899561118931413e+00
-2.499912703074042675e+00
-2.499888410474255807e+00
-2.499935856538364032e+00
-2.499877065177764202e+00
-2.497939643019508438e+00
-2.503036058856362267e+00
-2.499866863245457260e+00
-2.499751836627868151e+00
-2.500257510603102418e+00
-2.500866407360931021e+00
-2.501735444823911969e+00
-2.502742481132660846e+00
-2.503249428202871663e+00
-2.502314680201856767e+00
-2.500343038677924845e+00
-2.498645697120741360e+00
-2.498250047832508258e+00
-2.498499287373741939e+00
-2.499879113875113745e+00
-2.501162119414092722e+00
-2.500178275837495079e+00
-2.499661495369433162e+00
-2.499737235655005385e+00
-2.499443218601543393e+00
-2.499793950073120996e+00
-2.500593721125821123e+00
-2.499673145975149335e+00
-2.499822807358908605e+00
-2.499854657764096544e+00
-2.500010407522601952e+00
-2.500374342304024999e+00
-2.499786106235732941e+00
-2.499849158690811368e+00
-2.499903712675259904e+00
-2.499905568297894121e+00
-2.499907929141143903e+00
-2.499898068085865344e+00
-2.499902736503267775e+00
-2.499896381158341452e+00
-2.499893498297823591e+00
-2.499920691566704711e+00
-2.499926513241605974e+00
-2.499919111198247279e+00
-2.499929358053020856e+00
-2.499909984212235869e+00
-2.499900937132047307e+00
-2.499910109160810023e+00
-2.499888335621093027e+00
-2.499905118803929405e+00
-2.499898698229732652e+00
-2.499965180336590098e+00
-2.499807955498560830e+00
-2.497677713272012490e+00
-2.502389523674144911e+00
-2.498989792503849117e+00
-2.498946697141271933e+00
-2.499164318384801575e+00
-2.499095303160093096e+00
-2.498951216357017557e+00
-2.498482230896136524e+00
-2.498111985601719987e+00
-2.500253812288324440e+00
-2.505056597598132040e+00
-2.502895334074809242e+00
-2.499761612580528869e+00
-2.497887363405798311e+00
-2.498235169432663216e+00
-2.500097429764127188e+00
-2.501379950825962428e+00
-2.500013120914367004e+00
-2.499602704012783505e+00
-2.499664112623861012e+00
-2.499831256275406144e+00
-2.500202259798289806e+00
-2.499800343158148586e+00
-2.500022791546115286e+00
-2.500067352558560163e+00
-2.499866088777311646e+00
-2.499877481224940912e+00
-2.499836906771041978e+00
-2.499912508469761985e+00
-2.499918599659876062e+00
-2.499903460135762145e+00
-2.499888574265447083e+00
-2.499904723928012995e+00
-2.499899343289310849e+00
-2.499923799822667547e+00
-2.499917001944734984e+00
-2.499901787110719642e+00
-2.499881662027003237e+00
-2.499881206065763806e+00
-2.499905849078939202e+00
-2.499901904096041072e+00
-2.499907414174060705e+00
-2.499912997405453918e+00
-2.499883038298672311e+00
-2.499922314101993948e+00
-2.499919016854438070e+00
-2.499928164957957666e+00
-2.499750029785915650e+00
-2.497427697118038026e+00
-2.503058988349154745e+00
-2.499262069594277325e+00
-2.498585416017840899e+00
-2.498696946464546098e+00
-2.498763357161250198e+00
-2.498742851811218024e+00
-2.498070006892799455e+00
-2.496743153533206083e+00
-2.496161143618107481e+00
-2.498032265695869114e+00
-2.500013281098697249e+00
-2.504667055702259226e+00
-2.502537462190021156e+00
-2.498673088331040404e+00
-2.498202299846719932e+00
-2.500144626943903603e+00
-2.501062736924202667e+00
-2.499894910397346237e+00
-2.499777854464447557e+00
-2.499854596948926755e+00
-2.499874965891971446e+00
-2.500107733433917012e+00
-2.500184426553354378e+00
-2.499865615982035383e+00
-2.499724727014252856e+00
-2.499896973361820152e+00
-2.499937711308878097e+00
-2.499896761675193257e+00
-2.499905022359672380e+00
-2.499914548836312811e+00
-2.499895890233279516e+00
-2.499911779317852467e+00
-2.499902047249233483e+00
-2.499893002793614372e+00
-2.499857640290265692e+00
-2.499823050734492291e+00
-2.499762282705176197e+00
-2.499756202368174307e+00
-2.499780514339769333e+00
-2.499841135009368553e+00
-2.499899943613741016e+00
-2.499907350607351475e+00
-2.499900344409163644e+00
-2.499951386553011190e+00
-2.499816838436829336e+00
-2.499751058164664030e+00
-2.500140494951442971e+00
-2.497946332061860009e+00
-2.505487822742040294e+00
-2.501157879874583490e+00
-2.499022302756866765e+00
-2.499056847455319641e+00
-2.499763111463488841e+00
-2.500206061179103934e+00
-2.499906718147998141e+00
-2.499616053404384530e+00
-2.500546628552424266e+00
-2.498657786197806541e+00
-2.496489707639926614e+00
-2.497172561972245575e+00
-2.499802315484752846e+00
-2.503721897491427484e+00
-2.499215012646705425e+00
-2.498151320162457445e+00
-2.499443620356581963e+00
-2.499767082683411967e+00
-2.499264010474738562e+00
-2.499036095267101576e+00
-2.498799948873269727e+00
-2.499716522063056612e+00
-2.499711105048767923e+00
-2.499005979141029954e+00
-2.499836993975797839e+00
-2.499967256071684130e+00
-2.499881048054648502e+00
-2.499902524598105913e+00
-2.499867312295742661e+00
-2.499894159940545535e+00
-2.499895711763214123e+00
-2.499886555193564064e+00
-2.499888663843828240e+00
-2.499865215043661770e+00
-2.499862016744291537e+00
-2.499876192376397910e+00
-2.499894910820177785e+00
-2.499895122051109198e+00
-2.499834133881427611e+00
-2.499808716422560639e+00
-2.499843767947476980e+00
-2.499891052841321404e+00
-2.499925261779220254e+00
-2.499895129374724689e+00
-2.499738774157760357e+00
-2.499886296644663108e+00
-2.500687062142766592e+00
-2.499279269620641397e+00
-2.516752599920707212e+00
-2.512913652111340213e+00
-2.507709086614228866e+00
-2.506384232529090372e+00
-2.507622452852404038e+00
-2.508296207133148492e+00
-2.507312839484341804e+00
-2.505386204490921198e+00
-2.504577838425998237e+00
-2.501223691240046954e+00
-2.501910358529051415e+00
-2.501375836755432402e+00
-2.496771584029016999e+00
-2.500647782393712326e+00
-2.502451618163844760e+00
-2.499714461934303245e+00
-2.498997259815181504e+00
-2.499859857497553239e+00
-2.499897554813419909e+00
-2.499644173511310186e+00
-2.499283734245150157e+00
-2.500207152980823189e+00
-2.499776475071650239e+00
-2.499052238472895482e+00
-2.499669243082074832e+00
-2.499662408732828300e+00
-2.499644197078085384e+00
-2.499715941329627711e+00
-2.499832462807341393e+00
-2.499822295932939475e+00
-2.499860847861236302e+00
-2.499874429828885525e+00
-2.499876318181545543e+00
-2.499916939148393524e+00
-2.500039742567930379e+00
-2.500227593688169048e+00
-2.500365702424004688e+00
-2.500445319043361536e+00
-2.500384872082176635e+00
-2.500164623982007228e+00
-2.499935501009538985e+00
-2.499861163322515178e+00
-2.499881320003017660e+00
-2.499824646387846627e+00
-2.500037646551403370e+00
-2.500018865024773440e+00
-2.500699765772354866e+00
-2.507371583678379867e+00
-2.512664859455441935e+00
-2.512339317711707931e+00
-2.508858641045996318e+00
-2.507228199638812605e+00
-2.508548852766313786e+00
-2.508042274891830292e+00
-2.505693468177367045e+00
-2.506797177827638556e+00
-2.512223188449580924e+00
-2.505452633258570039e+00
-2.507597923652466587e+00
-2.507295619683721721e+00
-2.504191703128133106e+00
-2.502286882668230295e+00
-2.502718043321056740e+00
-2.503954469264574101e+00
-2.503800863358586426e+00
-2.503993280955653766e+00
-2.505084951030572604e+00
-2.505405997399104301e+00
-2.505545383607343801e+00
-2.505220862844811158e+00
-2.503720804461761595e+00
-2.502331204010979526e+00
-2.501544352562953044e+00
-2.501000373810175592e+00
-2.500714058307566212e+00
-2.500415724844864407e+00
-2.500271132245802441e+00
-2.500195495110450583e+00
-2.500147851099322249e+00
-2.500131427550944974e+00
-2.500089729303451414e+00
-2.500139950601011130e+00
-2.500289671934685209e+00
-2.500260503289485570e+00
-2.499979874097601140e+00
-2.499887522092875347e+00
-2.500193104881715200e+00
-2.500433100726311864e+00
-2.500287568966496288e+00
-2.499965735167531289e+00
-2.499863937336849862e+00
-2.499804478920808926e+00
-2.500388825193144982e+00
-2.504156228067200729e+00
-2.485439526723236092e+00
-2.396955755957847600e+00
-2.471472288737457390e+00
-2.477279285461208680e+00
-2.474056440499685650e+00
-2.479216201617694182e+00
-2.484829059740598645e+00
-2.484720428578761187e+00
-2.484699816207436296e+00
-2.487119673231420691e+00
-2.490918160526594427e+00
-2.491283098779476290e+00
-2.494569984898700188e+00
-2.494733970752259999e+00
-2.495779594211598784e+00
-2.496673719099741007e+00
-2.498227737910143187e+00
-2.499792799084990413e+00
-2.499510968748900552e+00
-2.498382914571337210e+00
-2.498539398688635060e+00
-2.497181451744211689e+00
-2.497391772367491214e+00
-2.497193196962113504e+00
-2.499349096621417132e+00
-2.500647076429594495e+00
-2.501140357667977376e+00
-2.501382102530327334e+00
-2.501495041424231403e+00
-2.501334623763693532e+00
-2.500834174288341316e+00
-2.500390987235791673e+00
-2.500293344442483967e+00
-2.500297678867784423e+00
-2.499989023783096176e+00
-2.499782838698937582e+00
-2.499654978637600333e+00
-2.499475131706279551e+00
-2.499168038155164417e+00
-2.498965872657103127e+00
-2.499021818478914359e+00
-2.499387292624409174e+00
-2.500062805078836270e+00
-2.500006808092785970e+00
-2.499925743727402949e+00
-2.499499248462772272e+00
-2.502442191001406524e+00
-2.526250018488335414e+00
-2.452197804896310895e+00
-2.653393916643581818e+00
-2.577950952013120300e+00
-2.489387510538059622e+00
-2.443152581846672611e+00
-2.476410467065917942e+00
-2.487254490009039642e+00
-2.483748564057227881e+00
-2.485565551460436673e+00
-2.487228660648412415e+00
-2.484496847152496191e+00
-2.484054843925706635e+00
-2.488059721065703833e+00
-2.491139991648770646e+00
-2.491673035856036389e+00
-2.491134709793516144e+00
-2.491548800963575339e+00
-2.493090554569373563e+00
-2.493630515768993305e+00
-2.492938073224528317e+00
-2.491963198313184247e+00
-2.491270018668775510e+00
-2.491697094921779598e+00
-2.492598378366460921e+00
-2.493506145007377661e+00
-2.493880749289731913e+00
-2.494391830749776329e+00
-2.495016147725362732e+00
-2.495433054862739919e+00
-2.495971553904308138e+00
-2.497672428914864184e+00
-2.498258313818290777e+00
-2.498530128141719153e+00
-2.498636283640625066e+00
-2.499216119627074129e+00
-2.499515385753079855e+00
-2.499707382257365218e+00
-2.499727823542775784e+00
-2.499618124147368281e+00
-2.499479783102914965e+00
-2.499418409435901545e+00
-2.499519025649100001e+00
-2.499664371372341432e+00
-2.499578044995360848e+00
-2.499695944951101367e+00
-2.500081823662827496e+00
-2.499220720017289565e+00
-2.496679916231885343e+00
-2.495219229971974428e+00
-2.249754147139842786e+00
-2.713911916497916632e+00
-2.540288095367675414e+00
-2.405992256759980741e+00
-2.543611294767610609e+00
-2.527963212490798917e+00
-2.510722305541702504e+00
-2.519362763669144023e+00
-2.521558409366775333e+00
-2.509165023070441869e+00
-2.505733144482475971e+00
-2.511677718004039050e+00
-2.512679481992307728e+00
-2.508682884114008971e+00
-2.504650086895657601e+00
-2.503214402346276568e+00
-2.505192646402677692e+00
-2.506175928824906141e+00
-2.505526965662430605e+00
-2.504409921787152271e+00
-2.504417247961030490e+00
-2.505479856394340121e+00
-2.506260255773560708e+00
-2.504850797221170655e+00
-2.502796165476790957e+00
-2.502267550083668191e+00
-2.502759327571016712e+00
-2.502738807533004817e+00
-2.501946177976533292e+00
-2.501114616295367021e+00
-2.500470376419672291e+00
-2.500170415170702043e+00
-2.501711741869240946e+00
-2.499644474287575413e+00
-2.500425745998545946e+00
-2.499945007819195375e+00
-2.500167529482273832e+00
-2.500469499141468877e+00
-2.500582192751257704e+00
-2.500374488912447291e+00
-2.500147175378942155e+00
-2.500249936890248215e+00
-2.499823932258839143e+00
-2.500455007128691953e+00
-2.502078226428961827e+00
-2.489857779382258052e+00
-2.517055331657500616e+00
-2.490899436436152303e+00
