9.841073842826932605e+01
1.444494136292736073e+02
1.198223555099994684e+02
7.398432644096783406e+01
4.234146660024881470e+01
2.350572551697398183e+01
-6.701726023879434990e+01
4.980677180238278368e+01
9.644596662943189358e+01
8.778789237413403157e+01
7.427811576271763272e+01
4.191180945664474677e+01
2.518678175024164645e+01
1.672037912216393352e+01
4.340055731861774291e+01
6.901760721961780121e+01
7.012967998243986756e+01
5.886749730011885617e+01
3.531671083001768352e+01
2.287888926152740510e+01
3.157895038953364164e+01
3.650397760243814105e+01
4.913362316200850444e+01
5.070411939222053377e+01
4.380514939411128950e+01
3.039870126202705336e+01
1.709147614780805213e+01
2.822278663183023895e+01
2.254530439615242443e+01
3.364254822119751509e+01
4.054068662772269249e+01
3.297719650049123175e+01
2.421989548335270470e+01
4.977379157073226423e+00
1.956733993406480820e+01
2.734594116317492762e+01
2.607883553476549565e+01
3.021502250090710007e+01
2.742147039815528942e+01
1.928387909169512682e+01
-4.175303629946599315e+00
1.527410650276569726e+01
2.341711340363250216e+01
2.323141108873947047e+01
1.980483178074659989e+01
2.269107059487180678e+01
1.626148920643973383e+01
-6.778166536462535419e+00
1.791114416693298494e+01
1.690933378858082747e+01
1.950150511226075167e+01
1.844697264581482798e+01
2.158632750187915761e+01
1.363883233708280329e+01
7.477757594476338454e+01
7.844503485872915860e+01
6.726114641400420169e+01
3.941911788715069065e+01
2.716185401520773368e+01
1.200912412626852444e+01
1.603673347087610068e+02
1.019312605528624402e+02
8.289900760183496686e+01
6.537706077117155701e+01
3.350863223048650497e+01
2.363893148554728540e+01
1.491851055812298732e+01
1.274175613614773397e+02
9.777203817774292816e+01
7.881586528906306910e+01
5.767537753761345698e+01
3.703189641691448486e+01
1.890199893598414249e+01
5.500456266682810735e+00
7.409492971138429596e+01
6.987323543914780544e+01
6.173423313382782851e+01
4.481910434124123555e+01
3.013374383381052724e+01
1.498347915809864617e+01
-5.118329127753433738e-01
-1.042778597484034009e+01
4.754080724526373558e+01
3.905631701472638895e+01
3.357688201981552822e+01
1.549220119596661505e+01
-3.857179438501521673e+00
-3.525906339825940705e+00
-2.534080672834403458e+01
2.161913946501842076e+01
1.595260375318648727e+01
1.929965056940542922e+01
7.493724620039724726e+00
-1.578661955264655070e+01
-5.646032914923035051e+00
-1.070757812995510427e+01
1.343578796966999533e+01
5.393694823188951659e+00
1.170333003426257790e+01
1.274706947025229908e+00
-1.459619700009393917e+01
-6.294353340868269697e+00
-6.768244401749408112e+00
6.779846696421799379e+00
2.189779961445843526e+00
1.723642435033454490e-01
-6.591572328131334757e+00
-1.489949574832748524e+01
2.153783117687397919e+01
3.103356169714170676e+01
2.271718595267930141e+01
4.422400013751344261e+01
3.361083496167179874e+01
1.986599199105312863e+01
7.343459481382309662e+01
4.378410276739207774e+01
3.011853543147152834e+01
1.599325536322223229e+01
8.570425606420204190e+01
6.908319815880740578e+01
4.540365197813788711e+01
2.483288805465223703e+01
1.782776601744290446e+01
7.855522310823027965e+01
9.097235235706436640e+01
6.693314128422028375e+01
4.280259931942885743e+01
1.799293852703173968e+01
1.002990448706911053e+01
1.112955546537972396e+02
9.297757382994439013e+01
6.057609274642703667e+01
3.122554473996556368e+01
7.418464334203299870e+00
1.688726763689427912e+02
1.201438306606676178e+02
8.000760659867486879e+01
4.727411548478272607e+01
1.990423056918628220e+01
-1.421406246231367376e+01
1.604364038516632149e+02
9.911570401204258474e+01
5.900352006998546983e+01
3.097279848435076133e+01
-1.951978481422138145e+00
1.144960115805896095e+02
7.544044296710687547e+01
3.336608045216883767e+01
1.229624106104152759e+01
6.905480329973642029e+01
4.197128560242816775e+01
1.652299822579588806e+01
3.579417557468369182e+01
2.336791650643348817e+01
1.736419726613292269e+01
3.165042727831222535e+00
-3.231127120750812054e+01
-2.205333461584001142e+01
-5.767553753994263843e+00
-3.348160232107885292e+01
-2.810585928291704860e+01
-9.951690438644831715e+00
-3.060782336128628600e+01
-3.542632323721242926e+01
-2.466613261911590982e+01
-5.710918030920449695e+01
-2.706201486272604484e+01
-3.187896669510912062e+01
-2.791397567576792227e+01
-2.530499359856980846e+01
-2.643877755698262177e+01
-3.871074308079211335e+01
-3.015470878577424330e+01
-2.857369530692250947e+01
-1.910564121450458686e+01
-1.849127195570380167e+01
-3.245491765949820717e+01
-3.694082799551071616e+01
-4.472853022675721490e+01
-2.491439675615873028e+01
1.477772013801449091e+01
-1.535943599816632243e+01
-1.141585587290795445e+01
-4.723237928643159478e+01
-5.608034596563985019e+01
-3.456791781082160497e+01
2.939562015360001368e+01
2.520699720122921406e+01
1.866535866692719026e+01
-7.701463143645014497e+01
-5.172514293212361736e+01
3.643833798066071950e+01
5.422486467292120693e+01
2.716880619949010267e+01
-9.078963572209178778e+01
-6.645915514443050398e+00
7.000747219426108359e+01
5.896970125655708728e+01
-6.450517441058029533e+01
8.729560604045009597e+01
7.643666290098254024e+01
1.157985174123050598e+02
1.003024518761372406e+02
1.739320817901640908e+02
9.999490406505741703e+03
-1.384094480841812460e-18
2.149451166745933025e-18
1.104353739884868715e-18
-8.289617907034529441e-19
-1.531573015488674981e-18
-2.516461151121904334e-18
-7.913857288926827087e-18
-4.182641118725389173e-17
3.627412942666535215e-17
-6.926077393964494634e-16
8.001785967441778458e-16
-8.575210061005518745e-16
-4.679396012821872406e-16
-1.258896160556235198e-15
2.265070818959348690e-15
1.478191572514966839e-15
-4.546459437361695947e-15
3.558365279141056236e-15
-1.136909402074113599e-15
-1.168545287721583521e-17
-2.012639551259900780e-18
5.793826481668620635e-18
-5.627084360480114871e-19
-9.601949494197811932e-18
-3.038221027990348747e-17
9.545711652183555502e-17
-8.150475889279646944e-16
1.827274611131035799e-15
-5.773167575050599447e-15
3.931313575412055700e-15
7.008876445263094045e-16
2.489895815175502278e-15
8.232612317892371777e-16
-7.741477219520993630e-15
6.124637999891311166e-15
-1.205195237265833750e-15
-5.037106567512599535e-17
1.554807415253222958e-17
-8.856484291023096105e-18
1.736758238831244750e-18
-2.721158217835405859e-17
-1.189427363335774625e-17
1.003219812940355562e-16
-9.570806270446999049e-16
-4.714376676286486697e-16
-2.973936549804584439e-02
-1.228293039491576977e-01
-1.131922654613378458e-15
-4.205563569475423862e-15
3.811999241605115554e-16
-6.458587843468590132e-15
7.451351344079040820e-15
-2.430317433571200618e-15
-8.231334488173756204e-17
3.483486774180502418e-17
2.556897598169179202e-17
-8.971020762157940978e-18
-2.914277815736416145e-17
-3.478930629774370690e-17
-5.002968906512896101e-16
-3.759180442178046338e-16
5.598259342897475551e-15
9.200275398887679817e-16
1.189574619921891507e-01
4.913172157966512743e-01
2.098906333670075858e-14
-8.564844875432782961e-15
-2.359232350231461897e-15
6.706697671049890565e-15
-2.401330400586898945e-15
2.503967923664510473e-17
3.910696908969260179e-17
-7.402004076202357171e-18
-4.575343390421883298e-18
-1.950116099420165478e-17
-2.714809770542019793e-17
-2.044395932878901915e-15
-1.109803732778840761e-15
6.375012129794720089e-16
-2.973936549804462662e-02
-3.871841957018284930e-03
1.344448298201803560e-01
-1.354994185397891737e+00
4.615778502986404574e-01
-1.228293039491715755e-01
4.403482947305828375e-15
-1.815819298393202471e-15
2.109959328400242145e-18
4.900460239120707546e-19
-6.890077241316563478e-18
-1.032013308753162273e-17
-4.677015856735302768e-18
-2.616851200283206704e-17
-1.582823941930925634e-16
1.032500968879192833e-14
3.350627685072733172e-15
-5.351109566505513796e-16
2.278170367918510464e-14
-2.949363002504548057e-14
1.189574619921923981e-01
4.913172157966806397e-01
7.011887472111313732e-15
-9.981852317421849380e-17
-9.463869400972970589e-16
-3.220703674237710476e-16
1.166809372043136173e-16
-7.757315493090887014e-18
7.094565660160266259e-18
-1.348036999760172142e-18
-1.162002997228598422e-17
-2.084220021276160175e-15
6.766759870649654916e-15
-1.982592529419170309e-14
-1.027007721773809946e-14
-2.543856265491362689e-15
-6.969171211741276520e-15
9.926873311075793003e-15
-2.973936549804562582e-02
-1.228293039491710759e-01
-3.699931800568706219e-15
2.086650251406353661e-17
-1.250303876267505825e-16
2.516645147896560148e-16
-1.895780438381390451e-17
-1.770871422731754648e-17
-1.544068065748648637e-18
-3.055345572300524265e-17
-1.288894740399100864e-17
9.433475240612612294e-18
-3.458864850471597099e-16
8.957948080762646167e-15
7.847444500533530642e-15
3.691312682889893253e-15
2.914816984141850337e-15
-3.601252658352557291e-15
2.798498902173574304e-15
-1.622947626137059088e-15
1.145207706456961824e-14
-2.372002804358440504e-15
1.105035108008207860e-15
-3.152165027921989713e-16
-2.971435675058094243e-17
3.023181453697953999e-19
-1.302877717884217513e-17
1.177181758172373177e-17
-4.104635905614836191e-17
8.116177331929454047e-17
2.523426269818798005e-16
-2.133870314220994378e-15
-2.036112256337514311e-15
-9.941840401284764284e-16
-4.350370141161935810e-15
-4.656310225981797038e-16
-9.436969086464736325e-03
1.687326936619857225e-14
-3.513974123008850380e-14
1.342367037775616857e-14
-3.311594331306446988e-15
-1.907067242843908396e-17
-5.690244593134639294e-18
2.301936768594001799e-18
4.908201515322656889e-18
6.020826639442259633e-18
2.905514418939537338e-17
-1.104191954114220723e-17
-8.275834144285058528e-17
-5.196145876862426040e-17
-1.676408456275906565e-17
-3.867823300103195631e-15
-4.397545681539700909e-16
9.206216374113780837e-15
3.774787634583567919e-02
-1.969570054051929613e-14
2.097439627169411042e-14
-2.582245009708911720e-15
-1.244416462726209868e-16
-2.988068025066015720e-18
-5.576550290546855869e-19
-4.461752715396191120e-19
-4.657792279345705315e-19
-5.051636200404997220e-19
-8.682369857021797562e-18
-4.556085585744287110e-18
2.728940016491121718e-18
2.385162186829543821e-19
-4.798771256677096440e-15
1.047027189681808229e-14
-6.168546256253326643e-02
2.899064442083686827e-02
-1.132436290374948806e-01
3.774787634584733653e-02
-9.436969086462977316e-03
-6.106427561097576842e-16
-3.268852933306891895e-17
1.182618198199885572e-18
-1.439311179576191446e-18
2.987787820562544678e-19
3.088692569599278847e-20
-7.628238574359974942e-19
-9.378995718037389988e-19
1.949220868488822221e-19
-8.559714992635843420e-19
-3.176593278060097962e-15
9.276310470283639051e-15
2.237558558397945735e-14
2.089939739043434885e-01
3.502892769996680811e-02
3.774787634580632767e-02
1.534839030099266633e-14
-6.800871443654392765e-15
-2.253372717360472076e-17
2.311401444597457306e-19
-2.848319207235131507e-18
1.612145030105668950e-19
1.448930142120996220e-19
-3.478983612526010920e-19
-7.552560385966953902e-20
1.488417872498563428e-19
-2.112064393549148092e-19
-2.310418352079113205e-15
1.347832403403839368e-15
-5.224849347610500266e-02
2.002367419793779080e-01
-5.919529940131652568e-01
1.039071908044339881e-01
-2.665653486254521837e-02
-8.757231924999083275e-03
-1.230130387153330601e-15
-1.167684404642377271e-18
-3.011638189262862576e-18
7.244072632108437474e-19
6.275852551197327105e-19
-1.766680494555716032e-19
-4.264801678570169347e-20
-4.632044024400690358e-20
-9.897923647976394162e-20
-2.275291937364164252e-16
2.657405937438753300e-16
-5.900510814307098855e-16
2.729437626770018556e-15
4.863678341594049972e-14
2.089939739042713518e-01
3.502892770004909645e-02
-1.418442068104386347e-14
-3.367591086462828225e-16
-1.186040488422629548e-18
-3.483552577365340585e-19
1.236611131360021173e-18
2.664037454034991188e-19
-1.796958711590024633e-19
-4.836631977102781069e-20
-1.149156123725381151e-20
-8.579909933659260995e-21
-1.695634536894240195e-16
1.209692196103805476e-15
-7.595588631785529745e-16
-1.191143100248768961e-15
-2.323812771261829247e-15
3.081613871104619136e-15
-5.224849347605426547e-02
-8.757231925002028836e-03
-1.223360025578122452e-15
-2.652210977673529677e-18
-2.021452399347676879e-19
1.406689090936668246e-20
-3.659978995957968995e-19
-1.880070304135406429e-19
-1.527144402498141877e-20
-2.243571426826734247e-21
-7.133971039743676851e-22
-2.167233570614516002e-16
1.028875979652310937e-15
-1.702927803338336926e-15
6.302588061817173122e-17
9.265841609664676146e-16
3.723448894991075015e-16
-2.245382185408711413e-15
-1.349366917696651582e-14
-3.316118545296008024e-16
-7.118432891062746593e-19
-1.089621711348733174e-19
-2.461383311766561740e-20
-4.519119947886683369e-20
-1.029559670864855259e-20
7.727774425119256679e-23
1.389647071481066689e-21
1.512895858379094722e-21
6.212981794567072725e-22
2.043529993480391352e-16
-9.772375144468133940e-16
4.341941847655046833e-16
5.655847714206025510e-16
-2.679925340891703316e-16
-1.213200610224265524e-16
-8.924149108030175746e-17
-1.100481931535716030e-17
-1.749718411222331204e-19
-7.472864423666914191e-20
-3.415956119355337096e-20
-2.862318954109626332e-20
-5.717713092696038377e-21
-3.821392028324903540e-21
-3.542918045432304779e-21
-3.543859565776640429e-21
-1.931452748883243374e-21
-7.737709474329687898e-21
