64
# x y z
0.090 0.430 0.000
0.140 0.430 0.000
0.190 0.430 0.000
0.240 0.430 0.000
0.290 0.430 0.000
0.340 0.430 0.000
0.390 0.430 0.000
0.440 0.430 0.000
0.090 0.380 0.000
0.140 0.380 0.000
0.190 0.380 0.000
0.240 0.380 0.000
0.290 0.380 0.000
0.340 0.380 0.000
0.390 0.380 0.000
0.440 0.380 0.000
0.090 0.330 0.000
0.140 0.330 0.000
0.190 0.330 0.000
0.240 0.330 0.000
0.290 0.330 0.000
0.340 0.330 0.000
0.390 0.330 0.000
0.440 0.330 0.000
0.090 0.280 0.000
0.140 0.280 0.000
0.190 0.280 0.000
0.240 0.280 0.000
0.290 0.280 0.000
0.340 0.280 0.000
0.390 0.280 0.000
0.440 0.280 0.000
0.090 0.230 0.000
0.140 0.230 0.000
0.190 0.230 0.000
0.240 0.230 0.000
0.290 0.230 0.000
0.340 0.230 0.000
0.390 0.230 0.000
0.440 0.230 0.000
0.090 0.180 0.000
0.140 0.180 0.000
0.190 0.180 0.000
0.240 0.180 0.000
0.290 0.180 0.000
0.340 0.180 0.000
0.390 0.180 0.000
0.440 0.180 0.000
0.090 0.130 0.000
0.140 0.130 0.000
0.190 0.130 0.000
0.240 0.130 0.000
0.290 0.130 0.000
0.340 0.130 0.000
0.390 0.130 0.000
0.440 0.130 0.000
0.090 0.080 0.000
0.140 0.080 0.000
0.190 0.080 0.000
0.240 0.080 0.000
0.290 0.080 0.000
0.340 0.080 0.000
0.390 0.080 0.000
0.440 0.080 0.000
1659
# a b m n R err/%
1 4 2 5 10292.356050 0.401481
1 4 3 6 -1690.572540 2.354550
1 4 7 10 -5096.035830 1.044692
1 4 9 12 12079.725900 0.083523
1 4 10 13 7731.375095 0.384630
1 4 12 15 -4185.292005 0.700062
1 4 13 16 -3197.492225 0.853360
1 4 14 17 -6597.416575 0.424823
1 4 15 18 -3920.334915 0.724871
1 4 16 19 -1523.489425 1.206107
1 4 18 21 4302.067940 0.779266
1 4 19 22 1880.301450 1.550592
1 4 22 25 -4360.531475 2.054830
1 4 23 26 -3030.911965 2.774758
1 4 24 27 -1744.268895 2.695132
1 4 25 28 2974.700305 2.467846
1 4 26 29 2530.134880 1.371977
1 4 27 30 1656.911725 2.297848
1 4 28 31 538.107894 1.334486
1 4 30 33 -2634.863465 1.123220
1 4 31 34 -2088.751465 1.756306
1 4 32 35 -1507.637050 1.677095
1 4 33 36 1355.649555 1.267457
1 4 34 37 1389.980285 1.021847
1 4 35 38 1140.612050 1.214751
1 4 36 39 808.962417 1.039303
1 4 37 40 383.333108 0.073430
1 4 38 41 -1622.036890 1.430351
1 4 39 42 -1516.626675 1.147799
1 4 40 43 -1229.862335 1.146547
1 4 41 44 810.087087 1.934851
1 4 42 45 864.882728 1.835827
1 4 43 46 777.831461 2.083477
1 4 44 47 680.736513 2.085413
1 4 45 48 499.866540 2.405732
1 4 46 49 -1086.008625 0.532220
1 4 47 50 -1109.138440 0.536945
1 4 48 51 -981.450941 0.660143
1 4 49 52 575.593030 2.328245
1 4 50 53 613.995662 2.157646
1 4 51 54 598.206994 1.743527
1 4 52 55 556.189032 2.110664
1 4 53 56 463.940404 2.172070
1 4 54 57 -863.689801 2.215785
1 4 55 58 -887.855760 0.667583
1 4 56 59 -824.025201 0.318627
1 4 57 60 479.384871 2.416581
1 4 58 61 511.526436 2.640368
1 4 59 62 509.781487 2.511936
1 4 60 63 468.249739 2.539619
1 4 61 64 403.750538 2.563205
1 4 63 2 -4002.770275 0.949448
1 4 64 3 4689.267785 2.793278
2 5 3 6 11530.919200 0.172307
2 5 4 7 1164.927660 2.914310
2 5 8 11 -6941.007845 0.090227
2 5 9 12 7631.489155 0.192361
2 5 10 13 11737.386400 0.883515
2 5 14 17 -9159.028760 2.798863
2 5 15 18 -7250.760345 2.765459
2 5 16 19 -5057.429255 2.631889
2 5 17 20 4780.175735 0.568009
2 5 18 21 6008.001020 2.029046
2 5 19 22 5077.788730 2.442647
2 5 20 23 2115.470135 1.143705
2 5 22 25 -5577.350900 2.283704
2 5 23 26 -4698.504025 2.834854
2 5 24 27 -3586.160650 2.719373
2 5 25 28 2668.200520 2.162647
2 5 26 29 3184.361710 1.396640
2 5 27 30 3076.105320 2.567653
2 5 28 31 1828.206240 1.862713
2 5 29 32 828.748061 1.373887
2 5 30 33 -3353.207905 1.524709
2 5 31 34 -3048.596775 2.170050
2 5 32 35 -2559.367830 2.043326
2 5 33 36 1350.200905 1.251053
2 5 34 37 1752.383365 1.374564
2 5 35 38 1811.730400 0.878567
2 5 36 39 1511.432060 1.833095
2 5 37 40 868.288866 0.188660
2 5 38 41 -2088.554830 1.895396
2 5 39 42 -2152.922310 1.660421
2 5 40 43 -1898.653880 1.699723
2 5 41 44 910.129587 1.583787
2 5 42 45 1110.595710 1.454751
2 5 43 46 1143.638325 1.579829
2 5 44 47 1097.078685 1.420876
2 5 45 48 844.534739 1.675087
2 5 46 49 -1427.822500 1.013938
2 5 47 50 -1558.967815 1.103745
2 5 48 51 -1453.248895 1.227724
2 5 49 52 697.664764 1.865433
2 5 50 53 803.423536 1.643695
2 5 51 54 847.131473 1.091134
2 5 52 55 838.781474 1.462288
2 5 53 56 725.026251 1.477811
2 5 54 57 -1147.085090 1.633309
2 5 55 58 -1238.269965 1.282474
2 5 56 59 -1195.911265 0.955465
2 5 57 60 604.567602 1.876988
2 5 58 61 678.308383 2.051797
2 5 59 62 713.767993 1.981896
2 5 60 63 686.119698 1.974483
2 5 61 64 609.363115 2.000464
2 5 64 3 -5934.094140 0.770817
3 6 4 7 12084.340400 2.822153
3 6 9 12 976.357403 0.532265
3 6 10 13 6892.802675 0.049603
3 6 11 14 11415.666150 0.309675
3 6 12 15 7768.054570 0.004680
3 6 13 16 2429.436860 0.726604
3 6 14 17 -8005.356425 0.688468
3 6 15 18 -7997.375605 0.443135
3 6 16 19 -6870.795610 0.630990
3 6 18 21 4438.712985 1.475179
3 6 19 22 5965.272405 2.524825
3 6 20 23 4523.531260 0.420781
3 6 22 25 -4850.096330 2.316697
3 6 23 26 -4918.471600 2.417198
3 6 24 27 -4435.856540 2.452626
3 6 25 28 1561.560650 1.789561
3 6 26 29 2592.955795 1.306844
3 6 27 30 3326.793330 2.084288
3 6 28 31 2683.050410 1.891075
3 6 29 32 1665.354220 0.454677
3 6 30 33 -2981.264830 1.419769
3 6 31 34 -3122.785450 1.829132
3 6 32 35 -2942.821240 1.599710
3 6 33 36 973.039039 1.692757
3 6 34 37 1540.984540 1.221392
3 6 35 38 1904.153665 1.307462
3 6 36 39 1811.503285 1.498772
3 6 37 40 1218.800485 1.017065
3 6 38 41 -1940.148245 1.694529
3 6 39 42 -2196.208245 1.361454
3 6 40 43 -2078.164500 1.308289
3 6 41 44 765.251681 1.726586
3 6 42 45 1036.724590 1.691473
3 6 43 46 1183.852260 2.020595
3 6 44 47 1224.621855 1.827801
3 6 45 48 992.791391 2.086575
3 6 46 49 -1376.350610 0.648607
3 6 47 50 -1591.390910 0.732924
3 6 48 51 -1549.491990 0.802984
3 6 49 52 632.987184 2.148263
3 6 50 53 772.695517 1.939343
3 6 51 54 865.834039 1.454495
3 6 52 55 901.926805 1.897732
3 6 53 56 805.939527 1.945849
3 6 54 57 -1122.830830 1.961239
3 6 55 58 -1261.095855 0.923639
3 6 56 59 -1257.876010 0.534304
3 6 57 60 569.009961 2.127871
3 6 58 61 663.357156 2.317540
3 6 59 62 729.377872 1.988286
3 6 60 63 727.010947 1.991664
3 6 61 64 662.145736 2.066503
4 7 6 9 -5713.420500 1.335710
4 7 8 11 -9635.789210 0.729166
4 7 9 12 -4061.424495 0.519037
4 7 10 13 850.628681 2.579609
4 7 11 14 6809.566145 0.198609
4 7 12 15 10640.621950 0.280402
4 7 13 16 6457.738685 0.631770
4 7 14 17 -3917.891205 0.584358
4 7 15 18 -6407.521375 0.148662
4 7 16 19 -6568.186330 0.277264
4 7 18 21 1713.711670 1.903794
4 7 19 22 4202.593365 0.200654
4 7 20 23 5136.437850 0.957261
4 7 21 24 3534.479245 2.789600
4 7 22 25 -2812.860250 2.479106
4 7 23 26 -3823.339310 1.791459
4 7 24 27 -4074.953990 2.254794
4 7 25 28 483.772799 0.511871
4 7 26 29 1410.534825 0.928553
4 7 27 30 2481.268600 2.083052
4 7 28 31 2667.977485 2.028349
4 7 29 32 2100.939865 1.139268
4 7 30 33 -1915.031370 1.898753
4 7 31 34 -2443.872310 1.817885
4 7 32 35 -2618.025745 1.507259
4 7 33 36 522.592705 1.872134
4 7 34 37 1007.534460 1.476879
4 7 35 38 1489.547355 1.377955
4 7 36 39 1629.152725 1.486533
4 7 37 40 1287.360280 1.390145
4 7 38 41 -1386.923285 1.853007
4 7 39 42 -1755.024695 1.428277
4 7 40 43 -1792.444895 1.305973
4 7 41 44 511.927013 1.426203
4 7 42 45 758.816142 1.619908
4 7 43 46 953.578568 1.892177
4 7 44 47 1064.376725 1.718951
4 7 45 48 918.275470 1.992770
4 7 46 49 -1052.313850 0.906334
4 7 47 50 -1290.269950 0.958593
4 7 48 51 -1313.802140 0.939668
4 7 49 52 461.589326 1.743577
4 7 50 53 591.941880 1.677807
4 7 51 54 700.372110 1.325298
4 7 52 55 766.268235 1.894740
4 7 53 56 710.444254 1.929300
4 7 54 57 -877.882039 1.825917
4 7 55 58 -1024.342485 1.025180
4 7 56 59 -1054.704795 0.608429
4 7 57 60 430.363916 1.925559
4 7 58 61 518.630510 2.195098
4 7 59 62 591.994911 2.103290
4 7 62 1 -3538.659010 1.192817
4 7 63 2 -5429.195530 2.945796
4 7 64 3 -10187.792650 2.405062
5 8 6 9 1336.470525 1.527553
5 8 12 15 5443.685335 2.748303
5 8 15 18 -2514.172945 2.635221
5 8 16 19 -4283.200840 2.726448
5 8 17 20 -1041.599625 1.035550
5 8 19 22 1264.504565 2.896054
5 8 20 23 3113.173485 2.158869
5 8 21 24 3440.070170 2.251530
5 8 22 25 -378.805742 2.236152
5 8 23 26 -1754.709645 1.215585
5 8 24 27 -2577.233925 1.994462
5 8 26 29 288.148952 1.223461
5 8 27 30 1002.070169 1.977313
5 8 28 31 1654.545300 2.043423
5 8 29 32 1762.222620 1.468435
5 8 31 34 -1225.758675 1.556842
5 8 32 35 -1643.867370 1.359773
5 8 34 37 387.750571 2.054428
5 8 35 38 740.713002 1.537988
5 8 36 39 991.831719 1.789245
5 8 37 40 969.168515 1.523859
5 8 38 41 -628.192651 2.318797
5 8 39 42 -960.941486 1.693508
5 8 40 43 -1102.974525 1.451661
5 8 41 44 231.818960 1.052849
5 8 42 45 376.010965 1.333974
5 8 43 46 526.355411 1.639893
5 8 44 47 649.522808 1.121402
5 8 45 48 614.428261 1.445801
5 8 46 49 -555.162161 1.601813
5 8 47 50 -737.349215 1.603168
5 8 48 51 -798.948675 1.498975
5 8 49 52 235.091660 0.931395
5 8 50 53 317.006712 0.879272
5 8 51 54 398.688847 0.608016
5 8 52 55 463.929966 1.109631
5 8 53 56 453.174742 1.224634
5 8 54 57 -484.680696 0.830713
5 8 55 58 -592.722666 1.896770
5 8 56 59 -635.969954 1.402431
5 8 57 60 230.032536 0.867626
5 8 58 61 287.217888 1.163001
5 8 59 62 342.369751 1.176414
5 8 60 63 367.548307 1.514838
5 8 61 64 355.332828 1.690658
5 8 62 1 -1704.314950 0.254492
5 8 63 2 -2458.449490 1.252723
5 8 64 3 -4111.393765 1.882931
6 9 8 11 7959.099510 0.834955
6 9 12 15 -4727.947290 0.472990
6 9 13 16 -724.895211 2.642476
6 9 16 19 6736.247355 0.719727
6 9 18 21 -6539.647330 1.232818
6 9 19 22 -5952.106640 0.860785
6 9 21 24 -1206.089505 0.225198
6 9 23 26 6395.267795 0.754463
6 9 24 27 5007.740640 0.560152
6 9 25 28 -3577.793970 0.926891
6 9 27 30 -3919.604725 0.821468
6 9 28 31 -2689.060355 1.832318
6 9 30 33 4458.064785 1.942770
6 9 31 34 4187.529015 1.007990
6 9 32 35 3618.292835 1.654624
6 9 34 37 -2319.113925 2.067478
6 9 36 39 -2172.371060 1.460483
6 9 37 40 -1370.306585 0.829323
6 9 38 41 2897.039040 1.725558
6 9 39 42 3046.052275 1.406388
6 9 40 43 2731.993695 1.351004
6 9 41 44 -1283.198910 1.576482
6 9 42 45 -1548.431280 1.613419
6 9 43 46 -1607.425530 1.768877
6 9 44 47 -1574.350985 1.748033
6 9 45 48 -1244.804010 2.020532
6 9 46 49 2014.962840 0.801625
6 9 47 50 2219.503500 0.836636
6 9 48 51 2088.423560 0.914457
6 9 49 52 -987.660841 1.976971
6 9 50 53 -1134.589575 1.829573
6 9 51 54 -1201.691055 1.418072
6 9 52 55 -1202.808810 1.804882
6 9 53 56 -1052.257320 1.845205
6 9 54 57 1628.595295 1.851986
6 9 55 58 1766.670355 1.011527
6 9 56 59 1716.447815 0.620018
6 9 57 60 -858.327726 2.012176
6 9 58 61 -963.007328 2.263015
6 9 59 62 -1017.954180 2.079096
7 10 9 12 -5157.822080 1.896626
7 10 12 15 -7069.131630 0.207006
7 10 13 16 -3562.486180 0.341817
7 10 15 18 8284.782325 2.543335
7 10 18 21 -6640.427570 0.709862
7 10 19 22 -6856.806290 0.389604
7 10 21 24 -2651.659190 0.399027
7 10 22 25 6321.173335 0.681204
7 10 23 26 6618.276225 0.888046
7 10 25 28 -2594.531620 1.060554
7 10 27 30 -4231.562435 0.677413
7 10 28 31 -3326.029880 1.095540
7 10 30 33 4035.932095 1.366841
7 10 31 34 4206.592990 0.232805
7 10 32 35 3996.517935 1.270835
7 10 34 37 -2160.588745 1.596721
7 10 36 39 -2431.019735 1.541829
7 10 37 40 -1676.860130 1.020177
7 10 38 41 2722.003605 1.713608
7 10 39 42 3060.556960 1.405299
7 10 40 43 2891.126575 1.341471
7 10 41 44 -1124.856155 1.693828
7 10 42 45 -1473.845545 1.685928
7 10 43 46 -1642.704140 1.799953
7 10 44 47 -1687.017970 1.680386
7 10 45 48 -1377.769740 1.949327
7 10 46 49 1946.101605 0.806900
7 10 47 50 2233.654155 0.868201
7 10 48 51 2168.668245 0.933640
7 10 49 52 -912.449390 2.012429
7 10 50 53 -1096.915120 1.826982
7 10 51 54 -1213.140005 1.384632
7 10 52 55 -1255.863310 1.874537
7 10 53 56 -1123.403365 1.904293
7 10 54 57 1588.713275 1.936562
7 10 55 58 1773.724610 0.941434
7 10 56 59 1763.833785 0.554886
7 10 57 60 -813.134070 2.126448
7 10 58 61 -939.627530 2.353731
7 10 59 62 -1024.199260 2.176061
8 11 9 12 -366.595307 0.678335
8 11 10 13 -5990.765045 0.004731
8 11 12 15 -8546.464320 0.260515
8 11 13 16 -5541.736195 0.410224
8 11 14 17 6473.267455 0.139799
8 11 16 19 9544.137190 1.969176
8 11 18 21 -4707.815205 0.642627
8 11 19 22 -7341.916250 0.046149
8 11 21 24 -3804.804550 0.358346
8 11 22 25 4693.197945 0.654157
8 11 23 26 5810.553820 1.209695
8 11 25 28 -1268.113420 1.434731
8 11 27 30 -4028.962215 0.771074
8 11 28 31 -3724.917725 2.016160
8 11 29 32 -2762.150645 0.845184
8 11 30 33 3227.926205 1.848702
8 11 31 34 3826.844305 1.956334
8 11 32 35 4007.446100 1.657780
8 11 33 36 -972.837604 1.541604
8 11 34 37 -1759.955920 1.489407
8 11 35 38 -2386.872595 1.203078
8 11 36 39 -2446.710295 1.617536
8 11 37 40 -1837.174615 1.146249
8 11 38 41 2271.440230 1.963690
8 11 39 42 2759.726820 1.544972
8 11 40 43 2763.891390 1.429465
8 11 41 44 -862.338205 1.438097
8 11 42 45 -1245.242525 1.511857
8 11 43 46 -1507.122535 1.704336
8 11 44 47 -1632.112775 1.563261
8 11 45 48 -1381.396235 1.849750
8 11 46 49 1687.046205 1.063009
8 11 47 50 2027.060525 1.077567
8 11 48 51 2037.490320 1.084844
8 11 49 52 -752.372549 1.715694
8 11 50 53 -950.853956 1.579183
8 11 51 54 -1103.542485 1.185173
8 11 52 55 -1186.433135 1.698871
8 11 53 56 -1087.853955 1.747528
8 11 54 57 1397.121770 1.641828
8 11 55 58 1609.776490 1.197494
8 11 56 59 1641.843805 0.777639
8 11 57 60 -692.357093 1.772453
8 11 58 61 -825.987480 2.043976
8 11 59 62 -930.992814 1.936586
8 11 62 1 5415.879685 0.925704
8 11 63 2 7493.816125 2.544692
8 11 64 3 8693.089335 2.875863
9 12 10 13 8320.654615 0.518686
9 12 11 14 1438.550300 2.127906
9 12 13 16 -3609.532250 2.121536
9 12 14 17 -6999.180000 2.666414
9 12 15 18 -4004.253655 2.344043
9 12 16 19 -925.442793 1.133552
9 12 17 20 7960.263845 2.131787
9 12 18 21 5189.421080 2.300603
9 12 19 22 1429.520265 0.580029
9 12 20 23 -2154.208130 1.164143
9 12 21 24 -1750.849740 2.649603
9 12 22 25 -4539.323970 2.300790
9 12 24 27 -1460.795330 2.670321
9 12 25 28 3552.264275 2.313599
9 12 26 29 2872.243900 1.397081
9 12 27 30 1538.026550 1.751923
9 12 30 33 -2761.831300 1.159947
9 12 31 34 -2079.308790 1.669297
9 12 32 35 -1382.880665 1.755866
9 12 33 36 1534.449365 1.179039
9 12 34 37 1502.498250 0.707512
9 12 35 38 1093.345105 1.765143
9 12 36 39 686.313180 0.785345
9 12 37 40 254.070438 1.489446
9 12 38 41 -1691.255935 0.921814
9 12 39 42 -1515.599185 0.856612
9 12 40 43 -1176.021950 1.104493
9 12 41 44 877.837771 1.976466
9 12 42 45 906.145516 2.015170
9 12 43 46 769.794401 2.134033
9 12 44 47 636.607460 2.266416
9 12 45 48 449.008696 2.242352
9 12 46 49 -1115.478630 0.398089
9 12 47 50 -1108.475490 0.359952
9 12 48 51 -955.122667 0.788213
9 12 49 52 606.976914 2.523191
9 12 50 53 632.932479 2.342203
9 12 51 54 597.266925 1.941370
9 12 52 55 537.178786 2.483259
9 12 53 56 438.059050 2.382462
9 12 54 57 -881.014645 2.622337
9 12 55 58 -888.401635 0.155754
9 12 56 59 -807.877952 0.257587
9 12 57 60 497.603030 2.740748
9 12 58 61 522.016318 2.958187
9 12 59 62 509.482908 2.806270
9 12 60 63 458.702337 2.305319
9 12 61 64 389.273010 2.290026
9 12 63 2 -3605.756040 1.641733
10 13 11 14 7950.759335 0.243073
10 13 14 17 -8728.996795 0.466413
10 13 15 18 -7142.065970 0.182291
10 13 16 19 -4504.563025 0.624193
10 13 17 20 5721.161860 0.666383
10 13 18 21 7941.806050 0.347574
10 13 19 22 5291.593875 0.843311
10 13 20 23 900.642337 2.132276
10 13 22 25 -5807.167505 2.299567
10 13 24 27 -3235.424105 2.148988
10 13 25 28 2999.026675 2.222781
10 13 26 29 3655.326070 1.333858
10 13 27 30 3176.693830 1.655522
10 13 28 31 1379.774020 0.545734
10 13 29 32 241.803667 1.290210
10 13 30 33 -3458.920920 1.019742
10 13 31 34 -2935.688105 1.438695
10 13 32 35 -2312.540040 1.253680
10 13 33 36 1414.956035 1.433070
10 13 34 37 1843.774305 0.580891
10 13 35 38 1759.386540 1.404538
10 13 36 39 1338.734155 0.967975
10 13 37 40 625.311290 0.409131
10 13 38 41 -2087.914425 1.093954
10 13 39 42 -2052.941920 0.906008
10 13 40 43 -1737.847795 1.073912
10 13 41 44 913.428974 1.917906
10 13 42 45 1103.629900 1.928297
10 13 43 46 1095.097180 2.120099
10 13 44 47 999.614044 2.218041
10 13 45 48 730.189037 2.383163
10 13 46 49 -1383.836375 0.488151
10 13 47 50 -1473.717795 0.409752
10 13 48 51 -1340.295815 0.762810
10 13 49 52 683.672171 2.419005
10 13 50 53 778.988574 2.212211
10 13 51 54 803.298831 1.843889
10 13 52 55 773.273429 2.406082
10 13 53 56 651.497881 2.365332
10 13 54 57 -1098.583365 2.409910
10 13 55 58 -1167.505255 0.311196
10 13 56 59 -1107.411440 0.335050
10 13 57 60 584.741232 2.537270
10 13 58 61 649.578550 2.745615
10 13 59 62 673.709827 2.648944
11 14 12 15 6987.858040 2.976523
11 14 13 16 1049.292190 1.329067
11 14 15 18 -8404.536975 2.294790
11 14 16 19 -7781.372110 0.002297
11 14 17 20 1678.578730 0.421353
11 14 18 21 5758.968525 0.624003
11 14 19 22 8181.636555 0.188440
11 14 20 23 5010.442270 0.206930
11 14 22 25 -6012.922130 2.930585
11 14 24 27 -4748.666025 2.414931
11 14 25 28 1547.916855 2.218376
11 14 26 29 3063.816835 0.854459
11 14 27 30 4079.249650 2.004340
11 14 28 31 2948.676395 2.310567
11 14 29 32 1458.281480 0.355182
11 14 30 33 -3436.552775 1.797621
11 14 31 34 -3418.218595 2.059655
11 14 32 35 -3083.896535 1.782223
11 14 33 36 980.866755 0.901407
11 14 34 37 1720.799030 1.317567
11 14 35 38 2117.038775 1.870901
11 14 36 39 1947.834515 1.580459
11 14 37 40 1171.771710 0.673406
11 14 38 41 -2116.107360 1.745565
11 14 39 42 -2338.662295 1.497883
11 14 40 43 -2160.958865 1.623160
11 14 41 44 787.274017 1.234484
11 14 42 45 1105.143250 1.322305
11 14 43 46 1271.766865 1.599025
11 14 44 47 1290.487375 1.475925
11 14 45 48 1008.124921 1.666232
11 14 46 49 -1453.825030 1.245463
11 14 47 50 -1669.715980 1.168387
11 14 48 51 -1606.324225 1.483506
11 14 49 52 656.388606 1.532193
11 14 50 53 811.522854 1.381866
11 14 51 54 911.613456 1.050782
11 14 52 55 940.975050 1.674010
11 14 53 56 827.773838 1.644237
11 14 54 57 -1172.703985 1.604314
11 14 55 58 -1314.905765 1.099389
11 14 56 59 -1301.758020 1.093656
11 14 57 60 590.087757 1.679458
11 14 58 61 691.409510 1.917937
11 14 59 62 760.381971 1.892433
11 14 62 1 -4810.515445 2.408301
11 14 63 2 -6590.791590 2.280390
12 15 13 16 6819.955175 2.482136
12 15 14 17 -4094.289485 2.947103
12 15 17 20 -2110.698780 1.516224
12 15 18 21 1178.313400 0.767246
12 15 20 23 7084.416485 0.355687
12 15 24 27 -4449.927170 2.478691
12 15 26 29 1236.973690 0.001856
12 15 27 30 2806.876210 2.350590
12 15 28 31 3209.226080 2.629443
12 15 29 32 2387.885155 0.917532
12 15 30 33 -1995.856550 2.591825
12 15 31 34 -2637.060845 2.099313
12 15 32 35 -2798.406245 1.815006
12 15 33 36 393.175946 1.168369
12 15 34 37 977.477555 1.841074
12 15 35 38 1584.470865 1.892413
12 15 36 39 1807.218800 1.772444
12 15 37 40 1404.183465 1.062862
12 15 38 41 -1415.893510 2.216952
12 15 39 42 -1839.720890 1.773810
12 15 40 43 -1886.052950 1.800393
12 15 41 44 473.450143 0.701392
12 15 42 45 756.710063 0.947675
12 15 43 46 1000.838254 1.379928
12 15 44 47 1137.380395 1.188339
12 15 45 48 975.969581 1.448497
12 15 46 49 -1069.040630 1.634091
12 15 47 50 -1335.671085 1.509347
12 15 48 51 -1367.835070 1.746249
12 15 49 52 450.883352 0.983798
12 15 50 53 596.937504 0.948692
12 15 51 54 725.267710 0.687071
12 15 52 55 804.824815 1.203544
12 15 53 56 746.995399 1.218106
12 15 54 57 -893.076687 0.931634
12 15 55 58 -1056.738880 1.684880
12 15 56 59 -1093.771110 1.611783
12 15 57 60 428.957225 0.931680
12 15 58 61 526.226214 1.221818
12 15 59 62 610.677123 1.309367
12 15 60 63 634.423877 1.708976
12 15 61 64 595.042065 1.865476
12 15 62 1 -3108.565105 1.111186
12 15 63 2 -4337.259695 1.335064
12 15 64 3 -6437.454445 0.830708
13 16 14 17 299.371044 2.184671
13 16 15 18 -3250.125620 1.221592
13 16 17 20 -1904.673655 0.032975
13 16 18 21 -1593.505655 1.224835
13 16 19 22 1400.155110 1.340641
13 16 20 23 4554.740755 0.032897
13 16 23 26 -2307.233565 1.719330
13 16 29 32 2462.888040 0.687580
13 16 31 34 -1538.230475 2.863959
13 16 32 35 -2090.877430 2.451156
13 16 33 36 95.878308 2.411511
13 16 35 38 882.970581 2.731591
13 16 36 39 1284.017105 2.480757
13 16 37 40 1285.970215 0.939301
13 16 39 42 -1179.206035 2.458843
13 16 40 43 -1378.369485 2.309794
13 16 41 44 245.233077 0.135050
13 16 42 45 429.687959 0.338578
13 16 43 46 641.057810 0.799061
13 16 44 47 817.530302 0.409328
13 16 45 48 782.732352 0.833867
13 16 46 49 -656.653407 2.514845
13 16 47 50 -899.528034 2.335103
13 16 48 51 -987.175954 2.446958
13 16 49 52 268.568442 0.060490
13 16 50 53 373.727178 0.068583
13 16 51 54 484.809776 0.134699
13 16 52 55 575.508415 0.616377
13 16 53 56 567.537711 0.730719
13 16 54 57 -578.736517 0.269511
13 16 55 58 -721.326628 2.310150
13 16 56 59 -781.392580 2.189222
13 16 57 60 269.107493 0.243575
13 16 58 61 342.352558 0.579636
13 16 59 62 416.194423 0.735162
13 16 60 63 452.721642 1.123839
13 16 61 64 441.226687 1.325440
13 16 62 1 -1797.868185 1.767428
13 16 63 2 -2490.177460 2.083420
13 16 64 3 -3727.845755 1.763619
14 17 16 19 5978.331690 0.026440
14 17 18 21 -7237.268625 0.384097
14 17 19 22 -6607.165220 0.186660
14 17 20 23 -3345.735095 2.571514
14 17 21 24 -352.391403 0.771273
14 17 23 26 6773.353155 1.193651
14 17 24 27 4804.672245 0.154204
14 17 25 28 -4092.194995 0.572410
14 17 27 30 -4209.936660 0.689316
14 17 28 31 -2633.343265 2.003818
14 17 29 32 -1189.015740 0.253327
14 17 30 33 4947.439450 1.628460
14 17 32 35 3610.428630 1.904312
14 17 33 36 -2028.021810 0.969008
14 17 34 37 -2543.248095 1.232069
14 17 35 38 -2536.223545 1.956097
14 17 36 39 -2146.210560 1.561196
14 17 37 40 -1223.705815 0.261407
14 17 38 41 3043.688195 1.589528
14 17 39 42 3112.968995 1.420300
14 17 40 43 2708.288105 1.610117
14 17 41 44 -1338.455250 1.343839
14 17 42 45 -1610.597450 1.420208
14 17 43 46 -1639.097170 1.625647
14 17 44 47 -1563.213065 1.603771
14 17 45 48 -1197.068635 1.716531
14 17 46 49 2065.199275 1.000371
14 17 47 50 2244.434515 0.972400
14 17 48 51 2077.191765 1.343661
14 17 49 52 -1015.706520 1.824413
14 17 50 53 -1161.887300 1.632423
14 17 51 54 -1216.739510 1.235481
14 17 52 55 -1199.684550 1.536861
14 17 53 56 -1032.744685 1.476966
14 17 54 57 1657.338320 1.550998
14 17 55 58 1783.127825 1.173686
14 17 56 59 1712.181385 1.192820
14 17 57 60 -877.020395 1.673204
14 17 58 61 -979.479707 1.880453
14 17 59 62 -1027.228440 1.785504
14 17 63 2 5075.708305 2.566487
15 18 17 20 -3863.448855 0.753432
15 18 19 22 -7498.193720 0.607059
15 18 20 23 -5263.490510 2.972639
15 18 21 24 -2552.447300 0.212059
15 18 22 25 6676.167340 2.095126
15 18 23 26 7620.580520 0.772049
15 18 25 28 -2563.015955 0.587329
15 18 27 30 -4833.118240 0.634622
15 18 28 31 -3552.403145 0.898767
15 18 30 33 4277.120160 1.096693
15 18 32 35 4197.389815 0.426921
15 18 34 37 -2327.340560 1.640489
15 18 35 38 -2724.264280 1.187661
15 18 36 39 -2585.497075 1.721624
15 18 37 40 -1705.695780 0.642721
15 18 38 41 2838.705065 1.827405
15 18 39 42 3205.994190 1.608588
15 18 40 43 3007.916185 1.742647
15 18 41 44 -1119.079605 1.173919
15 18 42 45 -1532.208880 1.245697
15 18 43 46 -1731.128310 1.469034
15 18 44 47 -1767.539810 1.291927
15 18 45 48 -1420.049035 1.466180
15 18 46 49 2002.179590 1.367371
15 18 47 50 2311.732895 1.301152
15 18 48 51 2239.750960 1.624072
15 18 49 52 -919.290336 1.435194
15 18 50 53 -1127.876925 1.278649
15 18 51 54 -1259.463390 0.908719
15 18 52 55 -1303.541195 1.540287
15 18 53 56 -1159.191335 1.498751
15 18 54 57 1627.513950 1.483667
15 18 55 58 1827.319115 1.221077
15 18 56 59 1815.770535 1.212247
15 18 57 60 -823.565711 1.586485
15 18 58 61 -962.058014 1.814729
15 18 59 62 -1056.208405 1.773176
15 18 62 1 5322.970650 2.345819
15 18 63 2 5540.887895 2.034119
15 18 64 3 4365.252825 2.711193
16 19 17 20 -207.863550 2.522728
16 19 18 21 -4652.411075 0.787156
16 19 20 23 -6608.983590 2.734001
16 19 21 24 -4003.249780 0.200451
16 19 22 25 4673.179925 0.112009
16 19 23 26 6268.602750 0.182563
16 19 25 28 -651.303202 2.748289
16 19 27 30 -4973.308220 0.546584
16 19 28 31 -4319.261115 2.670089
16 19 29 32 -3017.888405 0.491706
16 19 30 33 3299.028490 2.235681
16 19 31 34 4097.290445 2.062281
16 19 33 36 -735.442449 1.604894
16 19 34 37 -1809.995560 1.404366
16 19 35 38 -2641.817895 1.871417
16 19 36 39 -2746.297315 1.768770
16 19 37 40 -2003.606590 0.847360
16 19 38 41 2324.834215 1.817973
16 19 39 42 2908.710090 1.542864
16 19 40 43 2961.132950 1.655186
16 19 41 44 -788.308736 1.419301
16 19 42 45 -1263.593690 1.407399
16 19 43 46 -1615.240020 1.594308
16 19 44 47 -1772.911130 1.355832
16 19 45 48 -1490.117690 1.573837
16 19 46 49 1723.087300 1.240263
16 19 47 50 2118.672525 1.205452
16 19 48 51 2152.679165 1.498798
16 19 49 52 -731.912454 1.613316
16 19 50 53 -967.461397 1.416248
16 19 51 54 -1158.780170 1.029044
16 19 52 55 -1263.889650 1.603203
16 19 53 56 -1161.315000 1.558022
16 19 54 57 1428.244455 1.533112
16 19 55 58 1675.364195 1.177668
16 19 56 59 1723.638140 1.163756
16 19 57 60 -689.162912 1.640793
16 19 58 61 -843.055261 1.868869
16 19 59 62 -970.608059 1.845782
16 19 62 1 4098.477795 2.688858
16 19 63 2 4857.892180 2.352478
16 19 64 3 4796.567825 2.816146
17 20 18 21 5786.980420 1.096160
17 20 19 22 775.756674 2.158168
17 20 22 25 -4728.989225 2.880174
17 20 26 29 3643.352195 1.937171
17 20 29 32 -973.182500 1.663832
17 20 30 33 -2887.661145 1.533726
17 20 31 34 -1989.589990 2.158454
17 20 33 36 1922.126500 2.218214
17 20 34 37 1734.846380 1.379225
17 20 35 38 958.411824 2.733798
17 20 36 39 335.259281 2.778841
17 20 38 41 -1769.963910 2.172269
17 20 39 42 -1459.630715 1.798845
17 20 40 43 -1017.323335 2.190746
17 20 41 44 1017.575950 1.179049
17 20 42 45 981.913069 1.218077
17 20 43 46 721.924890 1.053984
17 20 44 47 505.336433 0.863958
17 20 45 48 317.429901 0.469788
17 20 46 49 -1148.028950 1.462585
17 20 47 50 -1071.597055 1.634828
17 20 48 51 -869.142417 2.051953
17 20 49 52 663.605682 1.647967
17 20 50 53 661.120475 1.438036
17 20 51 54 577.218267 0.828100
17 20 52 55 476.965269 1.009106
17 20 53 56 366.584413 0.773171
17 20 54 57 -885.030454 1.393654
17 20 55 58 -865.388685 1.302802
17 20 56 59 -752.806569 1.616753
17 20 57 60 527.439323 1.688651
17 20 58 61 534.382209 1.799333
17 20 59 62 495.354490 1.492623
17 20 60 63 421.745644 1.195992
17 20 61 64 343.259502 1.010254
17 20 62 1 -4279.008910 0.093669
17 20 63 2 -2810.488095 0.219062
18 21 19 22 6009.146830 0.187863
18 21 20 23 588.680700 1.311420
18 21 22 25 -6002.583785 0.896863
18 21 23 26 -5010.974065 0.987921
18 21 24 27 -3332.988010 1.526244
18 21 25 28 3598.564665 0.141433
18 21 26 29 5311.084215 0.786908
18 21 27 30 3990.556095 0.459127
18 21 29 32 -946.542382 1.119712
18 21 30 33 -4052.041575 2.003705
18 21 31 34 -3124.255585 2.749352
18 21 33 36 1589.671755 2.490870
18 21 34 37 2318.214280 1.791334
18 21 35 38 2057.302300 2.822548
18 21 38 41 -2342.828700 2.764547
18 21 39 42 -2150.624080 2.257420
18 21 40 43 -1721.217515 2.583945
18 21 41 44 996.180752 0.791137
18 21 42 45 1239.362705 0.701729
18 21 43 46 1182.079130 0.719018
18 21 44 47 987.520249 0.507797
18 21 45 48 640.377908 0.567808
18 21 46 49 -1480.515370 1.874365
18 21 47 50 -1521.629415 2.011334
18 21 48 51 -1338.044665 2.321657
18 21 49 52 728.676117 1.128185
18 21 50 53 835.098854 0.935437
18 21 51 54 841.157146 0.384367
18 21 52 55 773.888500 0.883555
18 21 53 56 620.904065 0.798258
18 21 54 57 -1135.376155 1.795790
18 21 55 58 -1199.825600 1.610039
18 21 56 59 -1111.984205 1.734713
18 21 57 60 615.418619 1.236010
18 21 58 61 681.634536 1.390362
18 21 59 62 695.093693 1.231470
18 21 60 63 638.786515 1.061995
18 21 61 64 543.273116 1.006215
18 21 62 1 -4287.017360 0.836571
18 21 63 2 -4259.732150 2.137428
18 21 64 3 -2709.206300 2.198195
19 22 21 24 822.347958 2.966890
19 22 23 26 -5964.752805 0.505845
19 22 25 28 1020.370540 0.939578
19 22 26 29 3487.431780 0.992761
19 22 27 30 5768.002790 0.923511
19 22 28 31 3727.762635 2.830063
19 22 30 33 -4325.209635 1.345770
19 22 31 34 -3941.611125 2.074870
19 22 32 35 -3385.320880 2.233686
19 22 33 36 809.300379 2.259595
19 22 34 37 1957.329785 1.488774
19 22 35 38 2614.321075 1.898571
19 22 36 39 2284.907385 1.942233
19 22 37 40 1124.959175 2.597999
19 22 38 41 -2378.280430 2.294614
19 22 39 42 -2576.270640 1.668099
19 22 40 43 -2321.000870 1.781132
19 22 41 44 757.780541 1.301762
19 22 42 45 1187.635205 1.224666
19 22 43 46 1431.844185 1.477308
19 22 44 47 1430.594630 1.159915
19 22 45 48 1053.705095 1.460687
19 22 46 49 -1556.026655 1.429102
19 22 47 50 -1788.454950 1.525050
19 22 48 51 -1706.297910 1.722978
19 22 49 52 662.744223 1.474673
19 22 50 53 857.130482 1.334749
19 22 51 54 985.644864 0.891402
19 22 52 55 1015.088965 1.443624
19 22 53 56 873.571499 1.431371
19 22 54 57 -1218.014365 1.451056
19 22 55 58 -1394.594740 1.225955
19 22 56 59 -1377.032425 1.306365
19 22 57 60 605.732258 1.501174
19 22 58 61 725.763540 1.718213
19 22 59 62 808.939309 1.681655
19 22 60 63 802.830099 1.591905
19 22 61 64 719.380551 1.634650
19 22 62 1 -3714.096895 0.840126
19 22 63 2 -4405.551375 2.237515
19 22 64 3 -4137.809770 2.542118
20 23 21 24 4799.773600 0.811057
20 23 24 27 -5112.149670 2.843034
20 23 27 30 3668.120985 2.950247
20 23 28 31 5044.993940 2.547951
20 23 29 32 3116.983235 1.313028
20 23 31 34 -3409.534480 1.432249
20 23 32 35 -3341.409500 1.334403
20 23 33 36 108.133814 0.783349
20 23 34 37 956.100639 2.414145
20 23 35 38 1971.270140 1.761600
20 23 36 39 2369.596695 1.520988
20 23 37 40 1719.394390 0.811016
20 23 38 41 -1594.148745 2.764292
20 23 39 42 -2168.941320 1.383648
20 23 40 43 -2202.960970 1.165904
20 23 41 44 413.909237 1.166598
20 23 42 45 795.676044 1.222013
20 23 43 46 1172.559575 1.777053
20 23 44 47 1378.785930 0.809094
20 23 45 48 1160.773895 1.222473
20 23 46 49 -1180.622030 1.739818
20 23 47 50 -1523.254950 1.853545
20 23 48 51 -1571.494735 1.888213
20 23 49 52 455.227582 0.993652
20 23 50 53 645.051049 0.958241
20 23 51 54 826.295853 0.572197
20 23 52 55 939.632977 0.982093
20 23 53 56 870.137117 1.033330
20 23 54 57 -967.864829 1.964307
20 23 55 58 -1191.328905 1.719835
20 23 56 59 -1245.714535 1.749556
20 23 57 60 451.552528 0.938310
20 23 58 61 574.599691 1.196848
20 23 59 62 688.344542 1.260147
20 23 60 63 730.305119 0.920509
20 23 61 64 687.312733 0.986408
20 23 62 1 -2605.561275 2.013549
20 23 63 2 -3351.007620 0.984821
20 23 64 3 -3970.427160 1.012507
21 24 23 26 -2409.983065 1.170629
21 24 25 28 -1178.283645 0.804459
21 24 26 29 -1142.276495 1.411347
21 24 27 30 752.940959 0.294325
21 24 28 31 3063.446310 0.367284
21 24 29 32 3954.666410 0.663519
21 24 31 34 -1682.250410 1.480127
21 24 32 35 -2584.235785 1.079516
21 24 34 37 56.985134 2.598582
21 24 35 38 817.485982 1.996543
21 24 36 39 1605.935180 1.886015
21 24 37 40 1829.360835 1.543214
21 24 38 41 -561.636233 2.119995
21 24 39 42 -1299.757565 1.679382
21 24 40 43 -1652.033215 1.660362
21 24 41 44 164.470777 2.560606
21 24 42 45 370.103316 1.934355
21 24 43 46 682.346557 1.810632
21 24 44 47 978.475587 1.188315
21 24 45 48 1001.355957 1.509468
21 24 46 49 -650.891454 1.198128
21 24 47 50 -994.111688 1.486003
21 24 48 51 -1151.179520 1.580247
21 24 49 52 244.526422 1.639137
21 24 50 53 371.603008 1.514139
21 24 51 54 528.161750 0.923694
21 24 52 55 672.030513 1.547906
21 24 53 56 690.390288 1.528711
21 24 54 57 -595.383090 1.391892
21 24 55 58 -798.915342 1.195389
21 24 56 59 -899.511985 1.295395
21 24 57 60 266.097188 1.596883
21 24 58 61 356.822656 1.804103
21 24 59 62 459.118717 1.846609
21 24 60 63 523.415560 1.680520
21 24 61 64 525.040322 1.763374
21 24 62 1 -1484.093340 1.045626
21 24 63 2 -1984.977900 2.165695
21 24 64 3 -2577.630280 2.453991
22 25 24 27 4383.505495 0.083921
22 25 26 29 -4916.943475 0.782310
22 25 27 30 -4836.741290 0.865166
22 25 28 31 -2684.308180 0.738567
22 25 29 32 -691.421082 0.244036
22 25 32 35 3610.929955 0.417791
22 25 33 36 -2608.816720 0.395526
22 25 34 37 -3020.624945 1.090136
22 25 35 38 -2804.467700 0.804068
22 25 36 39 -2209.648300 1.109698
22 25 37 40 -1029.476890 0.019041
22 25 38 41 3548.429080 0.655004
22 25 39 42 3427.396430 0.505011
22 25 40 43 2830.634400 1.096014
22 25 44 47 -1660.350555 1.054863
22 25 45 48 -1204.965685 1.233603
22 25 46 49 2357.070210 1.642246
22 25 47 50 2489.966045 1.706526
22 25 48 51 2236.496585 1.912474
22 25 49 52 -1176.682025 1.261118
22 25 50 53 -1325.624915 1.151571
22 25 51 54 -1350.229145 0.719520
22 25 52 55 -1290.166145 1.214159
22 25 53 56 -1079.464885 1.185433
22 25 54 57 1838.103315 1.643780
22 25 55 58 1970.331180 1.411895
22 25 56 59 1853.944705 1.533345
22 25 57 60 -998.918863 1.308804
22 25 58 61 -1102.262605 1.505798
22 25 59 62 -1134.168800 1.418052
22 25 62 1 3958.108935 2.384013
23 26 25 28 -2842.492795 0.571548
23 26 27 30 -5289.690960 0.474596
23 26 30 33 5144.406760 2.162280
23 26 33 36 -1705.696580 2.375406
23 26 34 37 -3064.627385 1.911662
23 26 35 38 -3282.136580 2.359751
23 26 36 39 -2886.195535 2.322869
23 26 38 41 3286.963080 2.612878
23 26 40 43 3364.126190 2.164490
23 26 41 44 -1263.863065 0.912476
23 26 42 45 -1804.792025 0.999687
23 26 43 46 -1996.396785 1.082355
23 26 44 47 -1971.260370 0.796036
23 26 45 48 -1530.903170 1.040241
23 26 46 49 2262.632355 1.672506
23 26 47 50 2604.516820 1.815266
23 26 48 51 2487.469290 1.977323
23 26 49 52 -1023.495240 1.242028
23 26 50 53 -1282.113920 1.099057
23 26 51 54 -1424.229255 0.622120
23 26 52 55 -1453.597120 0.936929
23 26 53 56 -1269.695600 0.944694
23 26 54 57 1796.200545 1.852658
23 26 55 58 2044.108950 1.648786
23 26 56 59 2015.725940 1.749735
23 26 57 60 -914.656107 1.129066
23 26 58 61 -1079.069590 1.323677
23 26 59 62 -1183.604410 1.249205
23 26 60 63 -1166.632275 1.162352
23 26 61 64 -1048.937675 1.173150
23 26 62 1 3632.538425 1.402360
23 26 63 2 3630.818215 1.473017
23 26 64 3 2831.232080 1.408294
24 27 25 28 -206.231209 0.928707
24 27 26 29 -2970.073445 0.416296
24 27 28 31 -4637.624155 0.233300
24 27 29 32 -3243.250330 0.191669
24 27 30 33 3430.239060 0.316298
24 27 34 37 -2012.383915 1.023927
24 27 35 38 -3385.613005 0.637549
24 27 36 39 -3300.711015 0.644918
24 27 37 40 -2233.679975 0.534525
24 27 38 41 2469.797560 0.429395
24 27 39 42 3235.892360 1.092255
24 27 40 43 3399.454845 0.927810
24 27 44 47 -2094.164480 0.778094
24 27 45 48 -1726.656545 1.143710
24 27 46 49 1859.273390 1.593799
24 27 47 50 2363.123885 1.765311
24 27 48 51 2446.085310 1.911244
24 27 49 52 -719.013811 1.473502
24 27 50 53 -1038.523780 1.223231
24 27 51 54 -1307.846215 0.694203
24 27 52 55 -1452.179675 1.181638
24 27 53 56 -1333.314130 1.161486
24 27 54 57 1517.581680 1.613757
24 27 55 58 1856.464545 1.448595
24 27 56 59 1939.245010 1.515523
24 27 57 60 -707.913534 1.412329
24 27 58 61 -907.130942 1.572804
24 27 59 62 -1080.265545 1.524400
24 27 62 1 2804.986235 1.981895
25 28 26 29 4437.601680 0.447458
25 28 27 30 641.345020 2.251168
25 28 29 32 -1794.957465 0.128794
25 28 30 33 -3316.971300 0.764326
25 28 31 34 -2024.310870 0.122837
25 28 32 35 -548.109404 1.938666
25 28 33 36 3276.010320 0.328205
25 28 34 37 2366.578985 0.610913
25 28 35 38 696.771581 0.872353
25 28 37 40 -574.046807 1.068903
25 28 38 41 -2091.750500 2.590800
25 28 39 42 -1528.569750 2.081084
25 28 40 43 -831.092532 2.074322
25 28 41 44 1485.693265 0.372106
25 28 42 45 1264.020240 2.303765
25 28 43 46 681.159670 2.409152
25 28 44 47 268.433051 2.897483
25 28 45 48 96.582967 1.859242
25 28 46 49 -1352.985245 1.852161
25 28 47 50 -1135.969025 1.737451
25 28 48 51 -810.504699 2.034011
25 28 49 52 878.212235 1.067071
25 28 50 53 811.649648 1.010367
25 28 51 54 606.535146 0.805547
25 28 52 55 407.581990 1.418459
25 28 53 56 265.307992 1.399394
25 28 54 57 -1032.693240 1.647479
25 28 55 58 -930.322183 1.200446
25 28 56 59 -740.160407 1.392433
25 28 57 60 661.630222 1.238807
25 28 58 61 631.954361 1.399563
25 28 59 62 523.252293 1.292398
25 28 60 63 400.462857 1.463739
25 28 61 64 295.838300 1.366619
25 28 62 1 -2803.126125 1.059948
25 28 63 2 -2076.737860 2.027133
25 28 64 3 -976.947334 1.983765
26 29 27 30 4138.202115 2.253982
26 29 30 33 -4417.813965 2.189254
26 29 31 34 -3470.599145 2.766940
26 29 32 35 -2207.858265 2.860315
26 29 34 37 3904.796685 1.597255
26 29 35 38 2605.248785 2.443460
26 29 36 39 899.811270 2.339036
26 29 37 40 -878.996576 1.289092
26 29 38 41 -2934.406775 2.654991
26 29 39 42 -2343.482745 2.140248
26 29 40 43 -1671.712555 2.241928
26 29 41 44 1291.068950 0.571669
26 29 42 45 1635.707320 2.152830
26 29 43 46 1366.836735 2.123113
26 29 44 47 902.657349 0.832944
26 29 45 48 377.245505 0.174145
26 29 46 49 -1749.140490 1.834542
26 29 47 50 -1649.009055 1.866235
26 29 48 51 -1336.380305 2.265244
26 29 49 52 882.970417 1.210344
26 29 50 53 1008.227180 1.060172
26 29 51 54 943.218842 0.675162
26 29 52 55 764.660471 1.041819
26 29 53 56 528.209707 1.922976
26 29 54 57 -1293.656570 1.717921
26 29 55 58 -1295.401230 1.368439
26 29 56 59 -1132.268095 1.566312
26 29 57 60 718.332791 1.231050
26 29 58 61 782.977531 1.364098
26 29 59 62 748.970022 1.354979
26 29 60 63 646.984596 1.155305
26 29 61 64 510.584706 0.985454
26 29 62 1 -2885.191235 1.710976
26 29 63 2 -2634.306460 1.774473
26 29 64 3 -1810.735045 2.098903
27 30 28 31 3941.978580 0.101596
27 30 29 32 566.678412 1.296566
27 30 31 34 -4347.629820 0.959104
27 30 32 35 -3886.575740 0.024302
27 30 33 36 497.614166 0.491097
27 30 34 37 2508.114530 1.082384
27 30 35 38 3822.765180 0.173717
27 30 36 39 2842.616385 2.530409
27 30 38 41 -3056.954735 2.735125
27 30 39 42 -2982.002860 2.099614
27 30 40 43 -2553.399620 2.106384
27 30 41 44 697.389418 0.969514
27 30 42 45 1357.209465 2.100229
27 30 43 46 1746.557700 1.925969
27 30 44 47 1670.572265 0.696865
27 30 45 48 1062.680895 0.980598
27 30 46 49 -1769.180565 1.699437
27 30 47 50 -1997.014550 1.810569
27 30 48 51 -1853.202555 2.076804
27 30 49 52 673.043164 1.300077
27 30 50 53 947.639730 1.080637
27 30 51 54 1126.289475 0.676530
27 30 52 55 1135.871700 1.126573
27 30 53 56 910.919566 1.720231
27 30 54 57 -1330.891275 1.699995
27 30 55 58 -1527.301340 1.327848
27 30 56 59 -1489.760620 1.447812
27 30 57 60 631.890277 1.289063
27 30 58 61 787.264008 1.438272
27 30 59 62 881.422904 1.181262
27 30 60 63 879.017457 1.296000
27 30 61 64 768.132228 1.224033
27 30 62 1 -2538.639030 1.898405
27 30 63 2 -2731.309945 1.954619
27 30 64 3 -2374.666355 2.356726
28 31 29 32 3817.448675 0.272564
28 31 30 33 -2549.469670 0.183469
28 31 32 35 -3795.760120 0.182611
28 31 33 36 -700.187896 1.950496
28 31 34 37 675.935825 1.531464
28 31 35 38 2527.002180 0.491784
28 31 36 39 3576.661020 0.268521
28 31 37 40 2263.896150 0.259641
28 31 38 41 -1815.067235 0.117327
28 31 39 42 -2696.165415 0.660259
28 31 40 43 -2607.628170 0.647816
28 31 42 45 731.704502 0.912878
28 31 43 46 1386.578155 0.862313
28 31 44 47 1791.910545 0.443806
28 31 45 48 1443.664850 0.941119
28 31 46 49 -1290.871480 1.767734
28 31 47 50 -1767.171360 1.975140
28 31 48 51 -1830.816380 2.153732
28 31 49 52 397.336776 1.274551
28 31 50 53 661.539062 0.939675
28 31 51 54 950.652253 0.409586
28 31 52 55 1131.545720 1.053624
28 31 53 56 1023.178560 1.737278
28 31 54 57 -1039.948580 1.816913
28 31 55 58 -1342.791685 1.457950
28 31 56 59 -1427.221850 1.544511
28 31 57 60 440.720262 1.201048
28 31 58 61 606.067628 1.317156
28 31 59 62 764.035198 1.259700
28 31 60 63 847.570166 1.207285
28 31 61 64 801.349469 1.220419
28 31 62 1 -1862.427070 1.910646
28 31 63 2 -2223.274725 1.854845
28 31 64 3 -2312.061410 2.094491
29 32 31 34 -1954.217365 0.533097
29 32 33 36 -580.183643 1.834945
29 32 34 37 -912.998006 2.647345
29 32 35 38 635.472876 0.023240
29 32 36 39 2269.495405 2.599484
29 32 37 40 3299.163020 1.646364
29 32 39 42 -1586.986770 2.380920
29 32 40 43 -2230.684480 2.018961
29 32 42 45 197.329742 1.089737
29 32 43 46 719.715337 1.828684
29 32 44 47 1310.278485 0.332090
29 32 45 48 1474.491500 1.046971
29 32 46 49 -627.228961 1.935249
29 32 47 50 -1191.836725 2.152985
29 32 48 51 -1477.188605 2.109215
29 32 49 52 191.820241 0.742347
29 32 50 53 352.960055 0.634243
29 32 51 54 603.319168 0.121003
29 32 52 55 864.386127 1.017865
29 32 53 56 925.584726 1.641885
29 32 54 57 -636.709899 2.052467
29 32 55 58 -949.928426 1.590726
29 32 56 59 -1130.584385 1.537777
29 32 57 60 256.209687 0.903598
29 32 58 61 378.776245 1.119573
29 32 59 62 531.467752 1.270386
29 32 60 63 659.770854 1.081398
29 32 61 64 688.943157 1.227358
29 32 62 1 -1158.334610 1.447884
29 32 63 2 -1485.545695 1.371419
29 32 64 3 -1712.283175 1.613415
30 33 32 35 3307.676670 0.231763
30 33 34 37 -3521.374495 0.145707
30 33 35 38 -3274.788020 0.035836
30 33 36 39 -2245.025475 0.359131
30 33 37 40 -574.331735 0.618942
30 33 38 41 4524.336490 0.135516
30 33 40 43 2858.778865 0.607380
30 33 42 45 -2179.006430 0.480696
30 33 43 46 -1972.794445 0.560617
30 33 44 47 -1706.573165 0.740184
30 33 45 48 -1092.845845 0.863464
30 33 46 49 2736.178845 1.903157
30 33 47 50 2751.881020 1.912797
30 33 48 51 2334.891870 2.186514
30 33 49 52 -1389.395185 1.094015
30 33 50 53 -1530.296580 0.929875
30 33 51 54 -1492.269135 0.521647
30 33 52 55 -1350.753705 1.064661
30 33 53 56 -1051.749545 1.791597
30 33 54 57 2075.036530 1.773372
30 33 55 58 2159.695545 1.366489
30 33 56 59 1961.709490 1.541046
30 33 57 60 -1146.891430 1.187650
30 33 58 61 -1244.672825 1.309709
30 33 59 62 -1226.226135 1.358639
30 33 60 63 -1122.475195 1.249071
30 33 61 64 -941.810027 1.156689
30 33 62 1 2459.519625 1.714522
30 33 63 2 2216.897925 1.835368
30 33 64 3 1483.652950 2.457487
31 34 33 36 -1787.567485 0.277469
31 34 35 38 -3548.985290 0.234806
31 34 36 39 -3159.506730 0.471006
31 34 37 40 -1719.841435 0.202663
31 34 38 41 3797.289580 0.089281
31 34 40 43 3673.686715 0.425383
31 34 42 45 -2213.632620 0.713873
31 34 43 46 -2263.686245 0.743628
31 34 46 49 2550.515765 1.056959
31 34 47 50 2940.566925 1.021901
31 34 48 51 2715.189850 0.811760
31 34 52 55 -1611.660900 0.894332
31 34 53 56 -1342.598435 1.895564
31 34 54 57 2019.248380 1.962941
31 34 55 58 2293.806455 1.583944
31 34 56 59 2227.147795 1.677344
31 34 57 60 -1017.522455 0.996358
31 34 58 61 -1221.115760 1.134010
31 34 59 62 -1314.661435 1.484558
32 35 34 37 -2085.262015 0.598776
32 35 36 39 -3661.548625 0.219914
32 35 37 40 -2527.136885 0.330280
32 35 38 41 2613.760565 0.046883
32 35 42 45 -1440.762325 0.829782
32 35 43 46 -2284.525235 0.799350
32 35 46 49 1973.482935 0.846808
32 35 47 50 2615.880925 0.714305
32 35 48 51 2771.762630 0.537413
32 35 53 56 -1490.885455 0.843450
32 35 54 57 1609.262665 0.816537
32 35 55 58 2036.176620 1.172293
32 35 56 59 2164.710500 1.086716
32 35 59 62 -1179.076575 1.345708
33 36 34 37 2402.811840 0.340795
33 36 37 40 -692.639797 1.371664
33 36 38 41 -2189.293570 0.891359
33 36 39 42 -1455.795560 0.999904
33 36 41 44 2324.079570 2.805594
33 36 42 45 1624.453465 0.878472
33 36 43 46 458.570358 1.569506
33 36 45 48 -258.038209 0.142560
33 36 46 49 -1502.613815 1.866644
33 36 47 50 -1108.993370 1.470523
33 36 48 51 -614.154667 1.514662
33 36 49 52 1193.612480 0.825988
33 36 50 53 984.584555 1.871680
33 36 51 54 562.811005 1.314433
33 36 53 56 68.148281 1.974299
33 36 54 57 -1163.865340 1.614288
33 36 55 58 -930.593727 1.132749
33 36 56 59 -632.293643 1.268708
33 36 57 60 823.052499 1.608233
33 36 58 61 727.539502 1.373338
33 36 59 62 517.108021 1.418523
33 36 60 63 304.417956 0.641981
33 36 61 64 179.414629 2.092407
33 36 62 1 -1687.910770 1.455776
33 36 63 2 -1361.163000 1.541436
33 36 64 3 -882.379684 1.518673
34 37 35 38 2895.625270 0.115728
34 37 36 39 704.750521 0.873790
34 37 38 41 -3358.158900 0.156376
34 37 39 42 -2660.968275 0.081604
34 37 40 43 -1699.697670 0.133925
34 37 42 45 2552.030120 0.516753
34 37 43 46 1766.845410 0.100449
34 37 44 47 795.457626 0.563283
34 37 46 49 -2209.317350 2.601506
34 37 47 50 -1890.567130 2.659943
34 37 49 52 1137.064520 0.853853
34 37 50 53 1336.910115 2.297986
34 37 51 54 1168.563255 0.071145
34 37 52 55 774.282970 0.115241
34 37 54 57 -1583.923295 2.281395
34 37 55 58 -1486.575100 2.058832
34 37 56 59 -1208.634800 2.497386
34 37 57 60 880.055290 1.902679
34 37 58 61 964.698950 1.879387
34 37 59 62 885.159165 2.248144
34 37 60 63 675.629677 2.358842
34 37 61 64 473.694570 0.079929
34 37 62 1 -1890.665200 1.352801
34 37 63 2 -1757.616895 1.327391
34 37 64 3 -1334.685605 1.660359
35 38 36 39 3011.009220 0.096623
35 38 37 40 297.626193 0.591797
35 38 39 42 -3172.760460 0.364550
35 38 40 43 -2696.792650 0.740187
35 38 42 45 1689.532135 0.690505
35 38 43 46 2490.826895 0.809556
35 38 44 47 1988.672415 0.196626
35 38 45 48 852.645603 0.612693
35 38 46 49 -2261.715920 2.281825
35 38 47 50 -2271.620135 2.393456
35 38 48 51 -1957.299890 2.687963
35 38 49 52 683.162715 0.884576
35 38 50 53 1096.787650 2.286125
35 38 51 54 1376.889330 0.311864
35 38 52 55 1284.917425 0.716615
35 38 53 56 877.202385 2.288090
35 38 54 57 -1521.707560 2.149006
35 38 55 58 -1693.817410 1.925905
35 38 56 59 -1577.836810 2.016538
35 38 57 60 658.956809 1.881917
35 38 58 61 871.058189 1.734097
35 38 59 62 999.790147 1.849221
35 38 60 63 944.822917 1.844635
35 38 61 64 775.935092 0.816314
35 38 62 1 -1767.847615 1.288630
35 38 63 2 -1882.563750 1.220575
35 38 64 3 -1656.220865 1.495298
36 39 37 40 2428.967765 0.377454
36 39 38 41 -2173.644715 0.415872
36 39 40 43 -3112.736900 0.277758
36 39 41 44 -275.203131 0.590585
36 39 42 45 657.138270 0.545987
36 39 43 46 1877.446755 0.495926
36 39 44 47 2702.841470 2.564618
36 39 46 49 -1555.639900 0.499369
36 39 47 50 -2276.918540 0.303156
36 39 48 51 -2251.027040 0.084228
36 39 50 53 678.590917 0.388007
36 39 51 54 1190.712055 2.839514
36 39 52 55 1519.464620 0.584551
36 39 53 56 1311.960010 2.391986
36 39 54 57 -1211.578075 2.320700
36 39 55 58 -1649.733420 2.111556
36 39 56 59 -1755.953985 2.165598
36 39 57 60 425.716107 2.009439
36 39 58 61 666.088023 1.881659
36 39 59 62 932.665389 1.901847
36 39 60 63 1059.535230 2.057802
36 39 61 64 1004.717105 0.700550
36 39 62 1 -1393.019275 1.157362
36 39 63 2 -1672.244560 0.992746
36 39 64 3 -1653.141205 1.272361
37 40 39 42 -1725.004525 0.193373
37 40 41 44 -242.202249 2.534216
37 40 42 45 -322.348777 1.130158
37 40 43 46 568.315783 1.990809
37 40 44 47 1668.508930 0.616395
37 40 45 48 2291.925965 1.164840
37 40 46 49 -437.121120 0.751214
37 40 47 50 -1359.425330 1.898820
37 40 48 51 -1841.690425 2.072424
37 40 49 52 60.499365 0.177723
37 40 50 53 212.042332 1.838462
37 40 51 54 595.061369 0.500753
37 40 52 55 1064.672895 1.292445
37 40 53 56 1239.372990 1.780421
37 40 54 57 -576.006502 1.727632
37 40 55 58 -1050.797340 1.756687
37 40 56 59 -1347.588645 1.619042
37 40 57 60 185.183497 1.638700
37 40 58 61 330.333517 1.323190
37 40 59 62 563.336888 1.146021
37 40 60 63 777.287893 1.550029
37 40 61 64 871.531945 1.256311
37 40 62 1 -773.031085 1.272274
37 40 63 2 -1068.516425 0.960447
37 40 64 3 -1213.101910 1.108092
38 41 40 43 2579.402690 0.519226
38 41 42 45 -2505.362680 0.221926
38 41 43 46 -2362.681550 0.230837
38 41 46 49 3394.712305 0.645350
38 41 47 50 2993.011840 0.715663
38 41 48 51 2271.056970 0.493119
38 41 50 53 -1754.338355 0.696080
38 41 52 55 -1383.859305 0.721743
38 41 53 56 -927.257731 2.203479
38 41 54 57 2416.830490 2.258905
38 41 55 58 2371.265560 1.962752
38 41 56 59 2006.423535 2.098212
38 41 57 60 -1342.335005 2.061750
38 41 58 61 -1416.819250 1.951113
38 41 59 62 -1347.519530 2.040474
38 41 60 63 -1139.236615 1.831633
38 41 61 64 -894.850645 0.842977
38 41 62 1 1955.546490 1.266766
38 41 63 2 1906.706340 1.256397
38 41 64 3 1503.010295 1.560114
39 42 41 44 -1533.473445 2.975330
39 42 43 46 -2511.291990 0.023528
39 42 46 49 2924.568990 0.639047
39 42 47 50 3479.120360 2.415760
39 42 48 51 2988.968800 0.256604
39 42 50 53 -1743.848785 0.636221
39 42 53 56 -1402.738210 0.302979
39 42 54 57 2251.433750 0.489453
39 42 55 58 2563.529310 0.631096
39 42 56 59 2418.201090 0.508688
39 42 57 60 -1105.329255 0.754804
39 42 58 61 -1358.956760 0.782979
39 42 59 62 -1465.809265 0.706210
39 42 60 63 -1383.724770 1.032075
40 43 41 44 -336.874186 1.648677
40 43 42 45 -1463.299210 0.331581
40 43 44 47 -2694.266765 2.886493
40 43 46 49 2090.523980 0.071477
40 43 47 50 2938.901045 0.009984
40 43 48 51 3296.226610 0.125997
40 43 50 53 -1180.640200 0.059827
40 43 51 54 -1792.787275 2.758235
40 43 53 56 -1687.229555 0.513099
40 43 54 57 1720.604090 0.445889
40 43 55 58 2267.128575 0.663357
40 43 56 59 2462.683945 0.675860
40 43 57 60 -651.458973 0.628373
40 43 58 61 -1017.821090 0.829366
40 43 59 62 -1343.260930 0.893149
40 43 60 63 -1464.013710 2.115427
40 43 61 64 -1376.175705 0.662666
40 43 62 1 1439.462265 0.911831
40 43 63 2 1719.235740 0.727569
40 43 64 3 1646.824040 0.989658
41 44 42 45 1883.564570 2.588229
41 44 43 46 442.504581 2.373609
41 44 45 48 -372.604453 1.030118
41 44 46 49 -1806.440190 2.461070
41 44 47 50 -1234.672335 2.359573
41 44 48 51 -515.496952 2.262922
41 44 49 52 1755.797375 0.167105
41 44 50 53 1301.805930 2.413203
41 44 51 54 560.992276 0.782126
41 44 54 57 -1426.980995 2.010239
41 44 55 58 -1050.341935 1.932494
41 44 56 59 -611.990139 1.929779
41 44 57 60 1117.738955 2.286519
41 44 58 61 933.140548 2.044748
41 44 59 62 568.306678 2.139993
41 44 60 63 241.410798 0.844889
41 44 61 64 90.852613 2.204595
41 44 62 1 -1368.707705 0.868110
41 44 63 2 -1181.620605 0.945189
41 44 64 3 -894.323292 1.056794
42 45 43 46 1796.404520 0.120013
42 45 46 49 -2317.692385 0.261199
42 45 47 50 -1925.848175 0.195608
42 45 48 51 -1262.458125 0.227322
42 45 50 53 1812.392575 0.187571
42 45 52 55 599.986514 0.501346
42 45 54 57 -1830.287080 2.239215
42 45 55 58 -1551.980420 2.301831
42 45 56 59 -1137.290610 2.214961
42 45 57 60 1064.663250 2.330474
42 45 58 61 1178.448135 2.177585
42 45 59 62 984.513751 2.353479
42 45 60 63 607.068726 2.041897
42 45 61 64 305.150201 0.530061
42 45 62 1 -1603.998755 0.675642
42 45 63 2 -1498.699215 0.746704
42 45 64 3 -1220.534470 0.886351
43 46 47 50 -2374.587545 0.015835
43 46 48 51 -2029.842095 0.175689
43 46 50 53 1311.052430 0.398716
43 46 52 55 1514.996560 0.275811
43 46 53 56 747.759624 2.543465
43 46 54 57 -1871.400925 2.469963
43 46 55 58 -1913.407175 2.510314
43 46 56 59 -1661.984560 2.271208
43 46 57 60 671.865294 2.431145
43 46 58 61 1008.306031 2.184676
43 46 59 62 1204.083925 2.280799
43 46 60 63 1059.995235 2.271060
43 46 61 64 744.689406 0.401618
43 46 62 1 -1457.302560 0.570112
43 46 63 2 -1562.754005 0.550736
43 46 64 3 -1393.883445 0.722919
44 47 45 48 2024.143465 0.274655
44 47 46 49 -1675.239495 2.801420
44 47 50 53 593.090155 2.510256
44 47 51 54 1440.317680 0.416703
44 47 52 55 2040.049490 0.101864
44 47 53 56 1559.013850 2.565783
44 47 54 57 -1316.136450 2.641820
44 47 55 58 -1953.026090 2.686605
44 47 56 59 -1980.294045 2.488971
44 47 57 60 325.167971 1.980930
44 47 58 61 653.395515 2.226870
44 47 59 62 1063.183770 2.285402
44 47 60 63 1270.904050 2.533508
44 47 61 64 1161.638910 0.372799
44 47 62 1 -1100.538280 1.109195
44 47 63 2 -1426.356990 0.833875
44 47 64 3 -1435.350830 1.096434
45 48 46 49 -474.383916 2.755027
45 48 49 52 -103.454667 0.243976
45 48 50 53 -24.726520 1.908099
45 48 51 54 615.177901 1.091814
45 48 52 55 1457.385595 0.272003
45 48 53 56 1889.531085 2.468805
45 48 54 57 -549.695637 2.875751
45 48 55 58 -1310.155620 2.744785
45 48 56 59 -1806.162370 2.441557
45 48 57 60 107.078370 2.343794
45 48 58 61 282.667445 2.315215
45 48 59 62 648.379886 1.933909
45 48 60 63 1033.263850 2.614269
45 48 61 64 1221.397195 0.370385
45 48 62 1 -584.617154 0.770882
45 48 63 2 -977.650388 0.291173
45 48 64 3 -1172.052900 0.558884
46 49 47 50 3078.551585 0.249177
46 49 48 51 2111.488640 0.265642
46 49 50 53 -2027.127230 0.135010
46 49 51 54 -1967.236725 2.693901
46 49 52 55 -1424.753515 2.985314
46 49 53 56 -704.663042 0.143207
46 49 54 57 3028.456555 0.395519
46 49 55 58 2645.311555 0.286626
46 49 56 59 1995.418575 0.341151
46 49 57 60 -1694.360790 0.445793
46 49 58 61 -1683.561975 0.514358
46 49 59 62 -1509.362900 0.344561
46 49 60 63 -1167.315880 0.430545
47 50 48 51 3093.391910 0.050379
47 50 51 54 -2109.535340 2.977044
47 50 53 56 -1469.294630 0.285057
47 50 54 57 2546.877095 0.378702
47 50 55 58 3060.735840 0.303022
47 50 56 59 2676.887150 0.401161
47 50 57 60 -1209.013875 0.213287
47 50 58 61 -1624.761565 0.623091
47 50 59 62 -1701.539095 0.601616
47 50 60 63 -1571.357780 2.431043
47 50 61 64 -1292.303320 0.273414
47 50 62 1 1710.316945 0.464470
47 50 63 2 1955.085990 0.380040
47 50 64 3 1817.477245 0.581848
48 51 50 53 -1269.523685 0.374212
48 51 53 56 -1940.586150 0.367897
48 51 54 57 1855.569625 0.444123
48 51 55 58 2586.059880 0.141184
48 51 56 59 2976.654865 0.347818
48 51 57 60 -586.098304 0.963626
48 51 58 61 -1146.390055 0.645837
48 51 59 62 -1642.992005 0.488787
48 51 60 63 -1728.044205 2.645993
48 51 61 64 -1585.864735 0.250774
48 51 62 1 1289.980795 1.091282
48 51 63 2 1675.464075 0.729529
48 51 64 3 1735.798445 0.884926
49 52 50 53 1526.041225 2.857686
49 52 51 54 548.490163 0.256365
49 52 54 57 -1791.612745 2.737378
49 52 55 58 -1222.429520 2.471707
49 52 57 60 1648.688055 2.843335
49 52 58 61 1233.115215 2.896126
49 52 60 63 90.134754 0.177968
49 52 62 1 -1220.102780 0.197616
49 52 63 2 -1069.475065 0.328590
49 52 64 3 -854.149358 0.444548
50 53 54 57 -1973.453770 0.280477
50 53 55 58 -1707.405835 0.403664
50 53 56 59 -1165.365450 0.140256
50 53 57 60 1261.979125 0.075590
50 53 58 61 1575.997120 0.130491
50 53 59 62 1182.536560 0.186785
50 53 60 63 554.068066 2.156001
50 53 61 64 86.023923 1.646160
50 53 62 1 -1450.359145 0.150230
50 53 63 2 -1309.528890 0.417187
50 53 64 3 -1080.415415 0.442038
51 54 52 55 1575.850380 0.652283
51 54 53 56 580.797407 0.927440
51 54 55 58 -2059.326270 2.217779
51 54 56 59 -1796.658770 2.286327
51 54 57 60 647.089104 2.709741
51 54 58 61 1227.479780 2.578622
51 54 59 62 1629.820070 2.347335
51 54 60 63 1240.838265 1.841087
51 54 61 64 652.774764 1.501725
51 54 62 1 -1462.279295 0.433321
51 54 63 2 -1484.435170 0.848820
51 54 64 3 -1271.859635 0.947926
52 55 53 56 1640.752000 2.566462
52 55 54 57 -1395.402335 2.605097
52 55 56 59 -2103.449395 2.902368
52 55 57 60 130.170098 0.778092
52 55 58 61 605.172029 2.451713
52 55 59 62 1262.885850 2.211948
52 55 60 63 1665.380840 2.660629
52 55 61 64 1329.117940 2.718003
52 55 62 1 -1022.094820 0.524887
52 55 63 2 -1477.499455 0.299432
52 55 64 3 -1421.631545 0.369094
53 56 54 57 -521.525027 0.542915
53 56 55 58 -1436.386995 0.225362
53 56 58 61 104.968040 2.545119
53 56 59 62 651.976768 1.250969
53 56 60 63 1302.375565 0.049842
53 56 61 64 1681.188270 0.116096
53 56 63 2 -1024.528900 2.954739
54 57 55 58 2818.296330 0.242366
54 57 56 59 1937.499995 0.028659
54 57 58 61 -1986.159035 0.002718
54 57 59 62 -1773.184675 0.074694
54 57 60 63 -1234.469845 0.295276
54 57 61 64 -644.600997 0.219692
54 57 62 1 1929.114735 2.835893
55 58 56 59 2822.456785 0.017933
55 58 57 60 -1358.128425 0.148383
55 58 59 62 -1992.045150 0.424733
55 58 60 63 -1796.764530 0.110131
55 58 61 64 -1321.523235 0.091914
55 58 62 1 1695.395645 2.870494
55 58 63 2 2063.875015 2.870950
55 58 64 3 1884.587705 2.987583
56 59 57 60 -515.860192 0.456827
56 59 58 61 -1285.024345 0.332451
56 59 60 63 -1995.465540 0.057420
56 59 61 64 -1833.720375 0.139313
56 59 63 2 1765.726535 2.951403
57 60 58 61 1527.249390 0.376346
57 60 59 62 605.569457 2.580322
57 60 62 1 -1185.807675 0.188699
57 60 63 2 -1035.231265 0.385671
57 60 64 3 -842.781801 0.387867
58 61 59 62 1459.610780 0.100984
58 61 60 63 515.624790 0.156584
58 61 63 2 -1226.979870 0.097839
58 61 64 3 -1017.221745 0.533000
59 62 60 63 1472.218105 0.127036
59 62 61 64 600.015670 0.437573
59 62 63 2 -1524.127600 0.347899
59 62 64 3 -1248.702655 0.244682
60 63 61 64 1545.614975 0.118796
60 63 64 3 -1483.294420 0.486597
61 64 63 2 -1079.137975 1.383802
