64
# x y z
+.09000 +.43000 +.00000
+.14000 +.43000 +.00000
+.19000 +.43000 +.00000
+.24000 +.43000 +.00000
+.29000 +.43000 +.00000
+.34000 +.43000 +.00000
+.39000 +.43000 +.00000
+.44000 +.43000 +.00000
+.09000 +.38000 +.00000
+.14000 +.38000 +.00000
+.19000 +.38000 +.00000
+.24000 +.38000 +.00000
+.29000 +.38000 +.00000
+.34000 +.38000 +.00000
+.39000 +.38000 +.00000
+.44000 +.38000 +.00000
+.09000 +.33000 +.00000
+.14000 +.33000 +.00000
+.19000 +.33000 +.00000
+.24000 +.33000 +.00000
+.29000 +.33000 +.00000
+.34000 +.33000 +.00000
+.39000 +.33000 +.00000
+.44000 +.33000 +.00000
+.09000 +.28000 +.00000
+.14000 +.28000 +.00000
+.19000 +.28000 +.00000
+.24000 +.28000 +.00000
+.29000 +.28000 +.00000
+.34000 +.28000 +.00000
+.39000 +.28000 +.00000
+.44000 +.28000 +.00000
+.09000 +.23000 +.00000
+.14000 +.23000 +.00000
+.19000 +.23000 +.00000
+.24000 +.23000 +.00000
+.29000 +.23000 +.00000
+.34000 +.23000 +.00000
+.39000 +.23000 +.00000
+.44000 +.23000 +.00000
+.09000 +.18000 +.00000
+.14000 +.18000 +.00000
+.19000 +.18000 +.00000
+.24000 +.18000 +.00000
+.29000 +.18000 +.00000
+.34000 +.18000 +.00000
+.39000 +.18000 +.00000
+.44000 +.18000 +.00000
+.09000 +.13000 +.00000
+.14000 +.13000 +.00000
+.19000 +.13000 +.00000
+.24000 +.13000 +.00000
+.29000 +.13000 +.00000
+.34000 +.13000 +.00000
+.39000 +.13000 +.00000
+.44000 +.13000 +.00000
+.09000 +.08000 +.00000
+.14000 +.08000 +.00000
+.19000 +.08000 +.00000
+.24000 +.08000 +.00000
+.29000 +.08000 +.00000
+.34000 +.08000 +.00000
+.39000 +.08000 +.00000
+.44000 +.08000 +.00000
1793
# a b m n r
1 4 2 5 10292.356050
1 4 6 9 -9007.707110
1 4 7 10 -5096.035830
1 4 9 12 12079.725900
1 4 10 13 7731.375095
1 4 11 14 1634.524430
1 4 14 17 -6597.416575
1 4 15 18 -3920.334915
1 4 16 19 -1523.489425
1 4 17 20 5896.479710
1 4 18 21 4302.067940
1 4 19 22 1880.301450
1 4 22 25 -4360.531475
1 4 23 26 -3030.911965
1 4 24 27 -1744.268895
1 4 25 28 2974.700305
1 4 26 29 2530.134880
1 4 27 30 1656.911725
1 4 28 31 538.107894
1 4 30 33 -2634.863465
1 4 31 34 -2088.751465
1 4 32 35 -1507.637050
1 4 33 36 1355.649555
1 4 34 37 1389.980285
1 4 35 38 1140.612050
1 4 36 39 808.962417
1 4 37 40 383.333108
1 4 38 41 -1622.036890
1 4 39 42 -1516.626675
1 4 40 43 -1229.862335
1 4 41 44 810.087087
1 4 42 45 864.882728
1 4 43 46 777.831461
1 4 44 47 680.736513
1 4 45 48 499.866540
1 4 46 49 -1086.008625
1 4 47 50 -1109.138440
1 4 48 51 -981.450941
1 4 49 52 575.593030
1 4 50 53 613.995662
1 4 51 54 598.206994
1 4 52 55 556.189032
1 4 53 56 463.940404
1 4 54 57 -863.689801
1 4 55 58 -887.855760
1 4 56 59 -824.025201
1 4 57 60 479.384871
1 4 58 61 511.526436
1 4 59 62 509.781487
1 4 60 63 468.249739
1 4 61 64 403.750538
1 4 63 2 -4002.770275
2 5 3 6 11530.919200
2 5 4 7 1164.927660
2 5 8 11 -6941.007845
2 5 9 12 7631.489155
2 5 10 13 11737.386400
2 5 11 14 8766.595480
2 5 12 15 1848.755045
2 5 14 17 -9159.028760
2 5 15 18 -7250.760345
2 5 16 19 -5057.429255
2 5 17 20 4780.175735
2 5 18 21 6008.001020
2 5 19 22 5077.788730
2 5 20 23 2115.470135
2 5 22 25 -5577.350900
2 5 23 26 -4698.504025
2 5 24 27 -3586.160650
2 5 25 28 2668.200520
2 5 26 29 3184.361710
2 5 27 30 3076.105320
2 5 28 31 1828.206240
2 5 29 32 828.748061
2 5 30 33 -3353.207905
2 5 31 34 -3048.596775
2 5 32 35 -2559.367830
2 5 33 36 1350.200905
2 5 34 37 1752.383365
2 5 35 38 1811.730400
2 5 36 39 1511.432060
2 5 37 40 868.288866
2 5 38 41 -2088.554830
2 5 39 42 -2152.922310
2 5 40 43 -1898.653880
2 5 41 44 910.129587
2 5 42 45 1110.595710
2 5 43 46 1143.638325
2 5 44 47 1097.078685
2 5 45 48 844.534739
2 5 46 49 -1427.822500
2 5 47 50 -1558.967815
2 5 48 51 -1453.248895
2 5 49 52 697.664764
2 5 50 53 803.423536
2 5 51 54 847.131473
2 5 52 55 838.781474
2 5 53 56 725.026251
2 5 54 57 -1147.085090
2 5 55 58 -1238.269965
2 5 56 59 -1195.911265
2 5 57 60 604.567602
2 5 58 61 678.308383
2 5 59 62 713.767993
2 5 60 63 686.119698
2 5 61 64 609.363115
2 5 64 3 -5934.094140
3 6 4 7 12084.340400
3 6 9 12 976.357403
3 6 10 13 6892.802675
3 6 11 14 11415.666150
3 6 12 15 7768.054570
3 6 13 16 2429.436860
3 6 14 17 -8005.356425
3 6 15 18 -7997.375605
3 6 16 19 -6870.795610
3 6 17 20 1853.493970
3 6 18 21 4438.712985
3 6 19 22 5965.272405
3 6 20 23 4523.531260
3 6 21 24 1976.168535
3 6 22 25 -4850.096330
3 6 23 26 -4918.471600
3 6 24 27 -4435.856540
3 6 25 28 1561.560650
3 6 26 29 2592.955795
3 6 27 30 3326.793330
3 6 28 31 2683.050410
3 6 29 32 1665.354220
3 6 30 33 -2981.264830
3 6 31 34 -3122.785450
3 6 32 35 -2942.821240
3 6 33 36 973.039039
3 6 34 37 1540.984540
3 6 35 38 1904.153665
3 6 36 39 1811.503285
3 6 37 40 1218.800485
3 6 38 41 -1940.148245
3 6 39 42 -2196.208245
3 6 40 43 -2078.164500
3 6 41 44 765.251681
3 6 42 45 1036.724590
3 6 43 46 1183.852260
3 6 44 47 1224.621855
3 6 45 48 992.791391
3 6 46 49 -1376.350610
3 6 47 50 -1591.390910
3 6 48 51 -1549.491990
3 6 49 52 632.987184
3 6 50 53 772.695517
3 6 51 54 865.834039
3 6 52 55 901.926805
3 6 53 56 805.939527
3 6 54 57 -1122.830830
3 6 55 58 -1261.095855
3 6 56 59 -1257.876010
3 6 57 60 569.009961
3 6 58 61 663.357156
3 6 59 62 729.377872
3 6 60 63 727.010947
3 6 61 64 662.145736
3 6 62 1 -5573.726600
4 7 5 8 8186.701715
4 7 6 9 -5713.420500
4 7 8 11 -9635.789210
4 7 10 13 850.628681
4 7 11 14 6809.566145
4 7 12 15 10640.621950
4 7 13 16 6457.738685
4 7 14 17 -3917.891205
4 7 15 18 -6407.521375
4 7 16 19 -6568.186330
4 7 18 21 1713.711670
4 7 19 22 4202.593365
4 7 20 23 5136.437850
4 7 21 24 3534.479245
4 7 22 25 -2812.860250
4 7 23 26 -3823.339310
4 7 24 27 -4074.953990
4 7 25 28 483.772799
4 7 26 29 1410.534825
4 7 27 30 2481.268600
4 7 28 31 2667.977485
4 7 29 32 2100.939865
4 7 30 33 -1915.031370
4 7 31 34 -2443.872310
4 7 32 35 -2618.025745
4 7 33 36 522.592705
4 7 34 37 1007.534460
4 7 35 38 1489.547355
4 7 36 39 1629.152725
4 7 37 40 1287.360280
4 7 38 41 -1386.923285
4 7 39 42 -1755.024695
4 7 40 43 -1792.444895
4 7 41 44 511.927013
4 7 42 45 758.816142
4 7 43 46 953.578568
4 7 44 47 1064.376725
4 7 45 48 918.275470
4 7 46 49 -1052.313850
4 7 47 50 -1290.269950
4 7 48 51 -1313.802140
4 7 49 52 461.589326
4 7 50 53 591.941880
4 7 51 54 700.372110
4 7 52 55 766.268235
4 7 53 56 710.444254
4 7 54 57 -877.882039
4 7 55 58 -1024.342485
4 7 56 59 -1054.704795
4 7 57 60 430.363916
4 7 58 61 518.630510
4 7 59 62 591.994911
4 7 62 1 -3538.659010
4 7 63 2 -5429.195530
4 7 64 3 -10187.792650
5 8 7 10 -3402.736830
5 8 11 14 633.626125
5 8 12 15 5443.685335
5 8 13 16 7310.699140
5 8 15 18 -2514.172945
5 8 16 19 -4283.200840
5 8 19 22 1264.504565
5 8 20 23 3113.173485
5 8 21 24 3440.070170
5 8 22 25 -378.805742
5 8 23 26 -1754.709645
5 8 24 27 -2577.233925
5 8 26 29 288.148952
5 8 27 30 1002.070169
5 8 28 31 1654.545300
5 8 29 32 1762.222620
5 8 30 33 -589.797269
5 8 31 34 -1225.758675
5 8 32 35 -1643.867370
5 8 33 36 155.250590
5 8 34 37 387.750571
5 8 35 38 740.713002
5 8 36 39 991.831719
5 8 37 40 969.168515
5 8 38 41 -628.192651
5 8 39 42 -960.941486
5 8 40 43 -1102.974525
5 8 41 44 231.818960
5 8 42 45 376.010965
5 8 43 46 526.355411
5 8 44 47 649.522808
5 8 45 48 614.428261
5 8 46 49 -555.162161
5 8 47 50 -737.349215
5 8 48 51 -798.948675
5 8 49 52 235.091660
5 8 50 53 317.006712
5 8 51 54 398.688847
5 8 52 55 463.929966
5 8 53 56 453.174742
5 8 54 57 -484.680696
5 8 55 58 -592.722666
5 8 56 59 -635.969954
5 8 57 60 230.032536
5 8 58 61 287.217888
5 8 59 62 342.369751
5 8 60 63 367.548307
5 8 61 64 355.332828
5 8 62 1 -1704.314950
5 8 63 2 -2458.449490
5 8 64 3 -4111.393765
6 9 8 11 7959.099510
6 9 11 14 -8954.383875
6 9 12 15 -4727.947290
6 9 13 16 -724.895211
6 9 16 19 6736.247355
6 9 17 20 -6193.640200
6 9 18 21 -6539.647330
6 9 19 22 -5952.106640
6 9 20 23 -3550.611675
6 9 21 24 -1206.089505
6 9 23 26 6395.267795
6 9 24 27 5007.740640
6 9 25 28 -3577.793970
6 9 26 29 -3979.678620
6 9 27 30 -3919.604725
6 9 28 31 -2689.060355
6 9 29 32 -1534.756975
6 9 30 33 4458.064785
6 9 31 34 4187.529015
6 9 32 35 3618.292835
6 9 33 36 -1855.120390
6 9 34 37 -2319.113925
6 9 35 38 -2432.481115
6 9 36 39 -2172.371060
6 9 37 40 -1370.306585
6 9 38 41 2897.039040
6 9 39 42 3046.052275
6 9 40 43 2731.993695
6 9 41 44 -1283.198910
6 9 42 45 -1548.431280
6 9 43 46 -1607.425530
6 9 44 47 -1574.350985
6 9 45 48 -1244.804010
6 9 46 49 2014.962840
6 9 47 50 2219.503500
6 9 48 51 2088.423560
6 9 49 52 -987.660841
6 9 50 53 -1134.589575
6 9 51 54 -1201.691055
6 9 52 55 -1202.808810
6 9 53 56 -1052.257320
6 9 54 57 1628.595295
6 9 55 58 1766.670355
6 9 56 59 1716.447815
6 9 57 60 -858.327726
6 9 58 61 -963.007328
6 9 59 62 -1017.954180
6 9 63 2 7144.603825
6 9 64 3 3923.464325
7 10 9 12 -5157.822080
7 10 12 15 -7069.131630
7 10 13 16 -3562.486180
7 10 15 18 8284.782325
7 10 17 20 -4107.447680
7 10 18 21 -6640.427570
7 10 19 22 -6856.806290
7 10 20 23 -4943.919675
7 10 21 24 -2651.659190
7 10 22 25 6321.173335
7 10 23 26 6618.276225
7 10 25 28 -2594.531620
7 10 26 29 -3701.301325
7 10 27 30 -4231.562435
7 10 28 31 -3326.029880
7 10 29 32 -2218.948105
7 10 30 33 4035.932095
7 10 31 34 4206.592990
7 10 32 35 3996.517935
7 10 33 36 -1482.493660
7 10 34 37 -2160.588745
7 10 35 38 -2539.266955
7 10 36 39 -2431.019735
7 10 37 40 -1676.860130
7 10 38 41 2722.003605
7 10 39 42 3060.556960
7 10 40 43 2891.126575
7 10 41 44 -1124.856155
7 10 42 45 -1473.845545
7 10 43 46 -1642.704140
7 10 44 47 -1687.017970
7 10 45 48 -1377.769740
7 10 46 49 1946.101605
7 10 47 50 2233.654155
7 10 48 51 2168.668245
7 10 49 52 -912.449390
7 10 50 53 -1096.915120
7 10 51 54 -1213.140005
7 10 52 55 -1255.863310
7 10 53 56 -1123.403365
7 10 54 57 1588.713275
7 10 55 58 1773.724610
7 10 56 59 1763.833785
7 10 57 60 -813.134070
7 10 58 61 -939.627530
7 10 59 62 -1024.199260
7 10 64 3 6582.361365
8 11 9 12 -366.595307
8 11 10 13 -5990.765045
8 11 12 15 -8546.464320
8 11 13 16 -5541.736195
8 11 14 17 6473.267455
8 11 16 19 9544.137190
8 11 17 20 -1020.856105
8 11 18 21 -4707.815205
8 11 19 22 -7341.916250
8 11 20 23 -6118.386670
8 11 21 24 -3804.804550
8 11 22 25 4693.197945
8 11 23 26 5810.553820
8 11 25 28 -1268.113420
8 11 26 29 -2781.993655
8 11 27 30 -4028.962215
8 11 28 31 -3724.917725
8 11 29 32 -2762.150645
8 11 30 33 3227.926205
8 11 31 34 3826.844305
8 11 32 35 4007.446100
8 11 33 36 -972.837604
8 11 34 37 -1759.955920
8 11 35 38 -2386.872595
8 11 36 39 -2446.710295
8 11 37 40 -1837.174615
8 11 38 41 2271.440230
8 11 39 42 2759.726820
8 11 40 43 2763.891390
8 11 41 44 -862.338205
8 11 42 45 -1245.242525
8 11 43 46 -1507.122535
8 11 44 47 -1632.112775
8 11 45 48 -1381.396235
8 11 46 49 1687.046205
8 11 47 50 2027.060525
8 11 48 51 2037.490320
8 11 49 52 -752.372549
8 11 50 53 -950.853956
8 11 51 54 -1103.542485
8 11 52 55 -1186.433135
8 11 53 56 -1087.853955
8 11 54 57 1397.121770
8 11 55 58 1609.776490
8 11 56 59 1641.843805
8 11 57 60 -692.357093
8 11 58 61 -825.987480
8 11 59 62 -930.992814
8 11 60 63 -936.299241
8 11 61 64 -867.999578
8 11 62 1 5415.879685
8 11 63 2 7493.816125
8 11 64 3 8693.089335
9 12 10 13 8320.654615
9 12 11 14 1438.550300
9 12 13 16 -3609.532250
9 12 14 17 -6999.180000
9 12 15 18 -4004.253655
9 12 16 19 -925.442793
9 12 17 20 7960.263845
9 12 18 21 5189.421080
9 12 19 22 1429.520265
9 12 21 24 -1750.849740
9 12 22 25 -4539.323970
9 12 23 26 -3057.628620
9 12 24 27 -1460.795330
9 12 25 28 3552.264275
9 12 26 29 2872.243900
9 12 27 30 1538.026550
9 12 30 33 -2761.831300
9 12 31 34 -2079.308790
9 12 32 35 -1382.880665
9 12 33 36 1534.449365
9 12 34 37 1502.498250
9 12 35 38 1093.345105
9 12 36 39 686.313180
9 12 37 40 254.070438
9 12 38 41 -1691.255935
9 12 39 42 -1515.599185
9 12 40 43 -1176.021950
9 12 41 44 877.837771
9 12 42 45 906.145516
9 12 43 46 769.794401
9 12 44 47 636.607460
9 12 45 48 449.008696
9 12 46 49 -1115.478630
9 12 47 50 -1108.475490
9 12 48 51 -955.122667
9 12 49 52 606.976914
9 12 50 53 632.932479
9 12 51 54 597.266925
9 12 52 55 537.178786
9 12 53 56 438.059050
9 12 54 57 -881.014645
9 12 55 58 -888.401635
9 12 56 59 -807.877952
9 12 57 60 497.603030
9 12 58 61 522.016318
9 12 59 62 509.482908
9 12 60 63 458.702337
9 12 61 64 389.273010
9 12 63 2 -3605.756040
10 13 11 14 7950.759335
10 13 14 17 -8728.996795
10 13 15 18 -7142.065970
10 13 16 19 -4504.563025
10 13 17 20 5721.161860
10 13 18 21 7941.806050
10 13 19 22 5291.593875
10 13 20 23 900.642337
10 13 22 25 -5807.167505
10 13 23 26 -4621.073580
10 13 24 27 -3235.424105
10 13 25 28 2999.026675
10 13 26 29 3655.326070
10 13 27 30 3176.693830
10 13 28 31 1379.774020
10 13 29 32 241.803667
10 13 30 33 -3458.920920
10 13 31 34 -2935.688105
10 13 32 35 -2312.540040
10 13 33 36 1414.956035
10 13 34 37 1843.774305
10 13 35 38 1759.386540
10 13 36 39 1338.734155
10 13 37 40 625.311290
10 13 38 41 -2087.914425
10 13 39 42 -2052.941920
10 13 40 43 -1737.847795
10 13 41 44 913.428974
10 13 42 45 1103.629900
10 13 43 46 1095.097180
10 13 44 47 999.614044
10 13 45 48 730.189037
10 13 46 49 -1383.836375
10 13 47 50 -1473.717795
10 13 48 51 -1340.295815
10 13 49 52 683.672171
10 13 50 53 778.988574
10 13 51 54 803.298831
10 13 52 55 773.273429
10 13 53 56 651.497881
10 13 54 57 -1098.583365
10 13 55 58 -1167.505255
10 13 56 59 -1107.411440
10 13 57 60 584.741232
10 13 58 61 649.578550
10 13 59 62 673.709827
10 13 62 1 -5798.726330
10 13 63 2 -6945.192835
11 14 12 15 6987.858040
11 14 13 16 1049.292190
11 14 15 18 -8404.536975
11 14 16 19 -7781.372110
11 14 17 20 1678.578730
11 14 18 21 5758.968525
11 14 19 22 8181.636555
11 14 20 23 5010.442270
11 14 21 24 1199.927585
11 14 22 25 -6012.922130
11 14 23 26 -5544.838970
11 14 24 27 -4748.666025
11 14 25 28 1547.916855
11 14 26 29 3063.816835
11 14 27 30 4079.249650
11 14 28 31 2948.676395
11 14 29 32 1458.281480
11 14 30 33 -3436.552775
11 14 31 34 -3418.218595
11 14 32 35 -3083.896535
11 14 33 36 980.866755
11 14 34 37 1720.799030
11 14 35 38 2117.038775
11 14 36 39 1947.834515
11 14 37 40 1171.771710
11 14 38 41 -2116.107360
11 14 39 42 -2338.662295
11 14 40 43 -2160.958865
11 14 41 44 787.274017
11 14 42 45 1105.143250
11 14 43 46 1271.766865
11 14 44 47 1290.487375
11 14 45 48 1008.124921
11 14 46 49 -1453.825030
11 14 47 50 -1669.715980
11 14 48 51 -1606.324225
11 14 49 52 656.388606
11 14 50 53 811.522854
11 14 51 54 911.613456
11 14 52 55 940.975050
11 14 53 56 827.773838
11 14 54 57 -1172.703985
11 14 55 58 -1314.905765
11 14 56 59 -1301.758020
11 14 57 60 590.087757
11 14 58 61 691.409510
11 14 59 62 760.381971
11 14 60 63 742.493060
11 14 62 1 -4810.515445
11 14 63 2 -6590.791590
11 14 64 3 -7392.435750
12 15 13 16 6819.955175
12 15 14 17 -4094.289485
12 15 16 19 -7101.658815
12 15 18 21 1178.313400
12 15 19 22 5054.003960
12 15 20 23 7084.416485
12 15 21 24 4190.326885
12 15 22 25 -3045.299585
12 15 23 26 -4386.766970
12 15 24 27 -4449.927170
12 15 26 29 1236.973690
12 15 27 30 2806.876210
12 15 28 31 3209.226080
12 15 29 32 2387.885155
12 15 30 33 -1995.856550
12 15 31 34 -2637.060845
12 15 32 35 -2798.406245
12 15 33 36 393.175946
12 15 34 37 977.477555
12 15 35 38 1584.470865
12 15 36 39 1807.218800
12 15 37 40 1404.183465
12 15 38 41 -1415.893510
12 15 39 42 -1839.720890
12 15 40 43 -1886.052950
12 15 41 44 473.450143
12 15 42 45 756.710063
12 15 43 46 1000.838254
12 15 44 47 1137.380395
12 15 45 48 975.969581
12 15 46 49 -1069.040630
12 15 47 50 -1335.671085
12 15 48 51 -1367.835070
12 15 49 52 450.883352
12 15 50 53 596.937504
12 15 51 54 725.267710
12 15 52 55 804.824815
12 15 53 56 746.995399
12 15 54 57 -893.076687
12 15 55 58 -1056.738880
12 15 56 59 -1093.771110
12 15 57 60 428.957225
12 15 58 61 526.226214
12 15 59 62 610.677123
12 15 60 63 634.423877
12 15 61 64 595.042065
12 15 62 1 -3108.565105
12 15 63 2 -4337.259695
12 15 64 3 -6437.454445
13 16 15 18 -3250.125620
13 16 17 20 -1904.673655
13 16 19 22 1400.155110
13 16 20 23 4554.740755
13 16 21 24 5389.682780
13 16 23 26 -2327.068040
13 16 24 27 -3399.850645
13 16 27 30 1175.988585
13 16 28 31 2286.279225
13 16 29 32 2462.888040
13 16 31 34 -1538.230475
13 16 32 35 -2090.877430
13 16 33 36 95.878308
13 16 34 37 384.176196
13 16 35 38 882.970581
13 16 36 39 1284.017105
13 16 37 40 1285.970215
13 16 38 41 -716.768206
13 16 39 42 -1179.206035
13 16 40 43 -1378.369485
13 16 41 44 245.233077
13 16 42 45 429.687959
13 16 43 46 641.057810
13 16 44 47 817.530302
13 16 45 48 782.732352
13 16 46 49 -656.653407
13 16 47 50 -899.528034
13 16 48 51 -987.175954
13 16 49 52 268.568442
13 16 50 53 373.727178
13 16 51 54 484.809776
13 16 52 55 575.508415
13 16 53 56 567.537711
13 16 54 57 -578.736517
13 16 55 58 -721.326628
13 16 56 59 -781.392580
13 16 57 60 269.107493
13 16 58 61 342.352558
13 16 59 62 416.194423
13 16 60 63 452.721642
13 16 61 64 441.226687
13 16 62 1 -1797.868185
13 16 63 2 -2490.177460
13 16 64 3 -3727.845755
14 17 16 19 5978.331690
14 17 18 21 -7237.268625
14 17 19 22 -6607.165220
14 17 20 23 -3345.735095
14 17 21 24 -352.391403
14 17 23 26 6813.778260
14 17 24 27 4804.672245
14 17 25 28 -4092.194995
14 17 26 29 -4513.989750
14 17 27 30 -4209.936660
14 17 28 31 -2633.343265
14 17 29 32 -1189.015740
14 17 30 33 4947.439450
14 17 31 34 4404.496415
14 17 32 35 3610.428630
14 17 33 36 -2028.021810
14 17 34 37 -2543.248095
14 17 35 38 -2536.223545
14 17 36 39 -2146.210560
14 17 37 40 -1223.705815
14 17 38 41 3043.688195
14 17 39 42 3112.968995
14 17 40 43 2708.288105
14 17 41 44 -1338.455250
14 17 42 45 -1610.597450
14 17 43 46 -1639.097170
14 17 44 47 -1563.213065
14 17 45 48 -1197.068635
14 17 46 49 2065.199275
14 17 47 50 2244.434515
14 17 48 51 2077.191765
14 17 49 52 -1015.706520
14 17 50 53 -1161.887300
14 17 51 54 -1216.739510
14 17 52 55 -1199.684550
14 17 53 56 -1032.744685
14 17 54 57 1657.338320
14 17 55 58 1783.127825
14 17 56 59 1712.181385
14 17 57 60 -877.020395
14 17 58 61 -979.479707
14 17 59 62 -1027.228440
14 17 60 63 -968.700842
14 17 61 64 -857.925164
14 17 63 2 5075.708305
14 17 64 3 2908.483710
15 18 17 20 -3863.448855
15 18 19 22 -7498.193720
15 18 20 23 -5263.490510
15 18 21 24 -2552.447300
15 18 22 25 6676.167340
15 18 23 26 7649.997820
15 18 25 28 -2563.015955
15 18 26 29 -4368.344480
15 18 27 30 -4833.118240
15 18 28 31 -3552.403145
15 18 29 32 -2206.373975
15 18 30 33 4277.120160
15 18 31 34 4435.116780
15 18 32 35 4197.389815
15 18 33 36 -1447.616235
15 18 34 37 -2327.340560
15 18 35 38 -2724.264280
15 18 36 39 -2585.497075
15 18 37 40 -1705.695780
15 18 38 41 2838.705065
15 18 39 42 3205.994190
15 18 40 43 3007.916185
15 18 41 44 -1119.079605
15 18 42 45 -1532.208880
15 18 43 46 -1731.128310
15 18 44 47 -1767.539810
15 18 45 48 -1420.049035
15 18 46 49 2002.179590
15 18 47 50 2311.732895
15 18 48 51 2239.750960
15 18 49 52 -919.290336
15 18 50 53 -1127.876925
15 18 51 54 -1259.463390
15 18 52 55 -1303.541195
15 18 53 56 -1159.191335
15 18 54 57 1627.513950
15 18 55 58 1827.319115
15 18 56 59 1815.770535
15 18 57 60 -823.565711
15 18 58 61 -962.058014
15 18 59 62 -1056.208405
15 18 60 63 -1034.551900
15 18 61 64 -939.727176
15 18 62 1 5322.970650
15 18 63 2 5540.887895
15 18 64 3 4365.252825
16 19 17 20 -207.863550
16 19 18 21 -4652.411075
16 19 20 23 -6608.983590
16 19 21 24 -4003.249780
16 19 22 25 4673.179925
16 19 23 26 6274.324820
16 19 25 28 -651.303202
16 19 26 29 -2896.012675
16 19 27 30 -4973.308220
16 19 28 31 -4319.261115
16 19 29 32 -3017.888405
16 19 30 33 3299.028490
16 19 31 34 4097.290445
16 19 33 36 -735.442449
16 19 34 37 -1809.995560
16 19 35 38 -2641.817895
16 19 36 39 -2746.297315
16 19 37 40 -2003.606590
16 19 38 41 2324.834215
16 19 39 42 2908.710090
16 19 40 43 2961.132950
16 19 41 44 -788.308736
16 19 42 45 -1263.593690
16 19 43 46 -1615.240020
16 19 44 47 -1772.911130
16 19 45 48 -1490.117690
16 19 46 49 1723.087300
16 19 47 50 2118.672525
16 19 48 51 2152.679165
16 19 49 52 -731.912454
16 19 50 53 -967.461397
16 19 51 54 -1158.780170
16 19 52 55 -1263.889650
16 19 53 56 -1161.315000
16 19 54 57 1428.244455
16 19 55 58 1675.364195
16 19 56 59 1723.638140
16 19 57 60 -689.162912
16 19 58 61 -843.055261
16 19 59 62 -970.608059
16 19 62 1 4098.477795
16 19 63 2 4857.892180
16 19 64 3 4796.567825
17 20 18 21 5786.980420
17 20 19 22 775.756674
17 20 21 24 -2310.464320
17 20 22 25 -4728.989225
17 20 23 26 -3024.670585
17 20 25 28 5167.658650
17 20 26 29 3643.352195
17 20 27 30 1128.514475
17 20 28 31 -1161.717970
17 20 29 32 -973.182500
17 20 30 33 -2887.661145
17 20 31 34 -1989.589990
17 20 32 35 -1052.035935
17 20 33 36 1922.126500
17 20 34 37 1734.846380
17 20 35 38 958.411824
17 20 36 39 335.259281
17 20 38 41 -1769.963910
17 20 39 42 -1459.630715
17 20 40 43 -1017.323335
17 20 41 44 1017.575950
17 20 42 45 981.913069
17 20 43 46 721.924890
17 20 44 47 505.336433
17 20 45 48 317.429901
17 20 46 49 -1148.028950
17 20 47 50 -1071.597055
17 20 48 51 -869.142417
17 20 49 52 663.605682
17 20 50 53 661.120475
17 20 51 54 577.218267
17 20 52 55 476.965269
17 20 53 56 366.584413
17 20 54 57 -885.030454
17 20 55 58 -865.388685
17 20 56 59 -752.806569
17 20 57 60 527.439323
17 20 58 61 534.382209
17 20 59 62 495.354490
17 20 60 63 421.745644
17 20 61 64 343.259502
17 20 62 1 -4279.008910
17 20 63 2 -2810.488095
18 21 19 22 6009.146830
18 21 20 23 588.680700
18 21 22 25 -6002.583785
18 21 23 26 -5010.974065
18 21 24 27 -3332.988010
18 21 25 28 3598.564665
18 21 26 29 5311.084215
18 21 27 30 3990.556095
18 21 29 32 -946.542382
18 21 30 33 -4052.041575
18 21 31 34 -3124.255585
18 21 32 35 -2294.065560
18 21 33 36 1589.671755
18 21 34 37 2318.214280
18 21 35 38 2057.302300
18 21 36 39 1269.331995
18 21 38 41 -2342.828700
18 21 39 42 -2150.624080
18 21 40 43 -1721.217515
18 21 41 44 996.180752
18 21 42 45 1239.362705
18 21 43 46 1182.079130
18 21 44 47 987.520249
18 21 45 48 640.377908
18 21 46 49 -1480.515370
18 21 47 50 -1521.629415
18 21 48 51 -1338.044665
18 21 49 52 728.676117
18 21 50 53 835.098854
18 21 51 54 841.157146
18 21 52 55 773.888500
18 21 53 56 620.904065
18 21 54 57 -1135.376155
18 21 55 58 -1199.825600
18 21 56 59 -1111.984205
18 21 57 60 615.418619
18 21 58 61 681.634536
18 21 59 62 695.093693
18 21 60 63 638.786515
18 21 61 64 543.273116
18 21 62 1 -4287.017360
18 21 63 2 -4259.732150
18 21 64 3 -2709.206300
19 22 20 23 5718.585200
19 22 21 24 822.347958
19 22 23 26 -5964.752805
19 22 24 27 -5320.996120
19 22 25 28 1020.370540
19 22 26 29 3487.431780
19 22 27 30 5768.002790
19 22 28 31 3727.762635
19 22 29 32 1243.418590
19 22 30 33 -4325.209635
19 22 31 34 -3941.611125
19 22 32 35 -3385.320880
19 22 33 36 809.300379
19 22 34 37 1957.329785
19 22 35 38 2614.321075
19 22 36 39 2284.907385
19 22 37 40 1124.959175
19 22 38 41 -2378.280430
19 22 39 42 -2576.270640
19 22 40 43 -2321.000870
19 22 41 44 757.780541
19 22 42 45 1187.635205
19 22 43 46 1431.844185
19 22 44 47 1430.594630
19 22 45 48 1053.705095
19 22 46 49 -1556.026655
19 22 47 50 -1788.454950
19 22 48 51 -1706.297910
19 22 49 52 662.744223
19 22 50 53 857.130482
19 22 51 54 985.644864
19 22 52 55 1015.088965
19 22 53 56 873.571499
19 22 54 57 -1218.014365
19 22 55 58 -1394.594740
19 22 56 59 -1377.032425
19 22 57 60 605.732258
19 22 58 61 725.763540
19 22 59 62 808.939309
19 22 60 63 802.830099
19 22 61 64 719.380551
19 22 62 1 -3714.096895
19 22 63 2 -4405.551375
19 22 64 3 -4137.809770
20 23 21 24 4799.773600
20 23 22 25 -3324.920835
20 23 24 27 -5112.149670
20 23 25 28 -1204.262850
20 23 26 29 831.550121
20 23 27 30 3668.120985
20 23 52 55 939.632977
20 23 53 56 870.137117
20 23 54 57 -967.864829
20 23 55 58 -1191.328905
20 23 56 59 -1245.714535
20 23 57 60 451.552528
20 23 58 61 574.599691
20 23 59 62 688.344542
20 23 60 63 730.305119
20 23 61 64 687.312733
20 23 62 1 -2605.561275
20 23 63 2 -3351.007620
20 23 64 3 -3970.427160
21 24 23 26 -2409.983065
21 24 25 28 -1178.283645
21 24 26 29 -1142.276495
21 24 27 30 752.940959
21 24 28 31 3063.446310
21 24 29 32 3954.666410
21 24 31 34 -1682.250410
21 24 32 35 -2584.235785
21 24 34 37 56.985134
21 24 35 38 817.485982
21 24 36 39 1605.935180
21 24 37 40 1829.360835
21 24 38 41 -561.636233
21 24 39 42 -1299.757565
21 24 40 43 -1652.033215
21 24 41 44 164.470777
21 24 42 45 370.103316
21 24 43 46 682.346557
21 24 44 47 978.475587
21 24 45 48 1001.355957
21 24 46 49 -650.891454
21 24 47 50 -994.111688
21 24 48 51 -1151.179520
21 24 49 52 244.526422
21 24 50 53 371.603008
21 24 51 54 528.161750
21 24 52 55 672.030513
21 24 53 56 690.390288
21 24 54 57 -595.383090
21 24 55 58 -798.915342
21 24 56 59 -899.511985
21 24 57 60 266.097188
21 24 58 61 356.822656
21 24 59 62 459.118717
21 24 60 63 523.415560
21 24 61 64 525.040322
21 24 62 1 -1484.093340
21 24 63 2 -1984.977900
21 24 64 3 -2577.630280
22 25 24 27 4383.505495
22 25 26 29 -4916.943475
22 25 27 30 -4836.741290
22 25 28 31 -2684.308180
22 25 29 32 -691.421082
22 25 32 35 3610.929955
22 25 33 36 -2608.816720
22 25 34 37 -3020.624945
22 25 35 38 -2804.467700
22 25 36 39 -2209.648300
22 25 37 40 -1029.476890
22 25 38 41 3548.429080
22 25 39 42 3427.396430
22 25 40 43 2830.634400
22 25 41 44 -1584.468340
22 25 42 45 -1851.324630
22 25 43 46 -1796.541515
22 25 44 47 -1660.350555
22 25 45 48 -1204.965685
22 25 46 49 2357.070210
22 25 47 50 2489.966045
22 25 48 51 2236.496585
22 25 49 52 -1176.682025
22 25 50 53 -1325.624915
22 25 51 54 -1350.229145
22 25 52 55 -1290.166145
22 25 53 56 -1079.464885
22 25 54 57 1838.103315
22 25 55 58 1970.331180
22 25 56 59 1853.944705
22 25 57 60 -998.918863
22 25 58 61 -1102.262605
22 25 59 62 -1134.168800
22 25 60 63 -1048.528515
22 25 61 64 -911.522884
22 25 62 1 3958.108935
23 26 25 28 -2842.492795
23 26 27 30 -5289.690960
23 26 28 31 -4017.860120
23 26 29 32 -2192.581765
23 26 30 33 5144.406760
23 26 33 36 -1705.696580
23 26 34 37 -3064.627385
23 26 35 38 -3282.136580
23 26 36 39 -2886.195535
23 26 37 40 -1744.913220
23 26 38 41 3286.963080
23 26 40 43 3364.126190
23 26 41 44 -1263.863065
23 26 42 45 -1804.792025
23 26 43 46 -1996.396785
23 26 44 47 -1971.260370
23 26 45 48 -1530.903170
23 26 46 49 2262.632355
23 26 47 50 2604.516820
23 26 48 51 2487.469290
23 26 49 52 -1023.495240
23 26 50 53 -1282.113920
23 26 51 54 -1424.229255
23 26 60 63 -1166.632275
23 26 61 64 -1048.937675
23 26 62 1 3632.538425
23 26 63 2 3630.818215
23 26 64 3 2831.232080
24 27 25 28 -206.231209
24 27 26 29 -2970.073445
24 27 28 31 -4637.624155
24 27 29 32 -3243.250330
24 27 30 33 3430.239060
24 27 33 36 -320.658859
24 27 34 37 -2012.383915
24 27 35 38 -3385.613005
24 27 36 39 -3300.711015
24 27 37 40 -2233.679975
24 27 38 41 2469.797560
24 27 39 42 3235.892360
24 27 40 43 3399.454845
24 27 41 44 -664.761897
24 27 42 45 -1343.054730
24 27 43 46 -1871.014765
24 27 44 47 -2094.164480
24 27 45 48 -1726.656545
24 27 46 49 1859.273390
24 27 47 50 2363.123885
24 27 48 51 2446.085310
24 27 49 52 -719.013811
24 27 50 53 -1038.523780
24 27 51 54 -1307.846215
24 27 52 55 -1452.179675
24 27 53 56 -1333.314130
24 27 54 57 1517.581680
24 27 55 58 1856.464545
24 27 56 59 1939.245010
24 27 57 60 -707.913534
24 27 58 61 -907.130942
24 27 59 62 -1080.265545
24 27 60 63 -1117.553640
24 27 61 64 -1046.694765
24 27 62 1 2804.986235
24 27 63 2 3160.587150
25 28 26 29 4437.601680
25 28 27 30 641.345020
25 28 29 32 -1794.957465
25 28 30 33 -3316.971300
25 28 31 34 -2024.310870
25 28 32 35 -548.109404
25 28 33 36 3276.010320
25 28 34 37 2366.578985
25 28 35 38 696.771581
25 28 36 39 -526.399454
25 28 37 40 -574.046807
25 28 38 41 -2091.750500
25 28 39 42 -1528.569750
25 28 40 43 -831.092532
25 28 41 44 1485.693265
25 28 42 45 1264.020240
25 28 43 46 681.159670
25 28 44 47 268.433051
25 28 46 49 -1352.985245
25 28 47 50 -1135.969025
25 28 48 51 -810.504699
25 28 49 52 878.212235
25 28 50 53 811.649648
25 28 51 54 606.535146
25 28 52 55 407.581990
25 28 53 56 265.307992
25 28 54 57 -1032.693240
25 28 55 58 -930.322183
25 28 56 59 -740.160407
25 28 57 60 661.630222
25 28 58 61 631.954361
25 28 59 62 523.252293
25 28 60 63 400.462857
25 28 61 64 295.838300
25 28 62 1 -2803.126125
25 28 63 2 -2076.737860
25 28 64 3 -976.947334
26 29 27 30 4138.202115
26 29 30 33 -4417.813965
26 29 31 34 -3470.599145
26 29 32 35 -2207.858265
26 29 33 36 2254.041010
26 29 34 37 3904.796685
26 29 35 38 2605.248785
26 29 36 39 899.811270
26 29 37 40 -878.996576
26 29 38 41 -2934.406775
26 29 39 42 -2343.482745
26 29 40 43 -1671.712555
26 29 41 44 1291.068950
26 29 42 45 1635.707320
26 29 43 46 1366.836735
26 29 44 47 902.657349
26 29 45 48 377.245505
26 29 46 49 -1749.140490
26 29 47 50 -1649.009055
26 29 48 51 -1336.380305
26 29 49 52 882.970417
26 29 50 53 1008.227180
26 29 51 54 943.218842
26 29 52 55 764.660471
26 29 53 56 528.209707
26 29 54 57 -1293.656570
26 29 55 58 -1295.401230
26 29 56 59 -1132.268095
26 29 57 60 718.332791
26 29 58 61 782.977531
26 29 59 62 748.970022
26 29 60 63 646.984596
26 29 61 64 510.584706
26 29 62 1 -2885.191235
26 29 63 2 -2634.306460
26 29 64 3 -1810.735045
27 30 28 31 3941.978580
27 30 29 32 566.678412
27 30 31 34 -4347.629820
27 30 32 35 -3886.575740
27 30 33 36 497.614166
27 30 34 37 2508.114530
27 30 35 38 3822.765180
27 30 36 39 2842.616385
27 30 37 40 833.730826
27 30 38 41 -3056.954735
27 30 39 42 -2982.002860
27 30 40 43 -2553.399620
27 30 41 44 697.389418
27 30 42 45 1357.209465
27 30 43 46 1746.557700
27 30 44 47 1670.572265
27 30 45 48 1062.680895
27 30 46 49 -1769.180565
27 30 47 50 -1997.014550
27 30 48 51 -1853.202555
27 30 49 52 673.043164
27 30 50 53 947.639730
27 30 51 54 1126.289475
27 30 52 55 1135.871700
27 30 53 56 910.919566
27 30 54 57 -1330.891275
27 30 55 58 -1527.301340
27 30 56 59 -1489.760620
27 30 57 60 631.890277
27 30 58 61 787.264008
27 30 59 62 881.422904
27 30 60 63 879.017457
27 30 61 64 768.132228
27 30 62 1 -2538.639030
27 30 63 2 -2731.309945
27 30 64 3 -2374.666355
28 31 29 32 3817.448675
28 31 30 33 -2549.469670
28 31 32 35 -3795.760120
28 31 33 36 -700.187896
28 31 34 37 675.935825
28 31 35 38 2527.002180
28 31 36 39 3576.661020
28 31 37 40 2263.896150
28 31 38 41 -1815.067235
28 31 39 42 -2696.165415
28 31 40 43 -2607.628170
28 31 42 45 731.704502
28 31 43 46 1386.578155
28 31 44 47 1791.910545
28 31 45 48 1443.664850
28 31 46 49 -1290.871480
28 31 47 50 -1767.171360
28 31 48 51 -1830.816380
28 31 49 52 397.336776
28 31 50 53 661.539062
28 31 51 54 950.652253
28 31 52 55 1131.545720
28 31 53 56 1023.178560
28 31 54 57 -1039.948580
28 31 55 58 -1342.791685
28 31 56 59 -1427.221850
28 31 57 60 440.720262
28 31 58 61 606.067628
28 31 59 62 764.035198
28 31 60 63 847.570166
28 31 61 64 801.349469
28 31 62 1 -1862.427070
28 31 63 2 -2223.274725
28 31 64 3 -2312.061410
29 32 31 34 -1954.217365
29 32 33 36 -580.183643
29 32 34 37 -912.998006
29 32 35 38 635.472876
29 32 36 39 2269.495405
29 32 37 40 3299.163020
29 32 39 42 -1586.986770
29 32 40 43 -2230.684480
29 32 42 45 197.329742
29 32 43 46 719.715337
29 32 44 47 1310.278485
29 32 45 48 1474.491500
29 32 46 49 -627.228961
29 32 47 50 -1191.836725
29 32 48 51 -1477.188605
29 32 49 52 191.820241
29 32 50 53 352.960055
29 32 51 54 603.319168
29 32 52 55 864.386127
29 32 53 56 925.584726
29 32 54 57 -636.709899
29 32 55 58 -949.928426
29 32 56 59 -1130.584385
29 32 57 60 256.209687
29 32 58 61 378.776245
29 32 59 62 531.467752
29 32 60 63 659.770854
29 32 61 64 688.943157
29 32 62 1 -1158.334610
29 32 63 2 -1485.545695
29 32 64 3 -1712.283175
30 33 32 35 3307.676670
30 33 34 37 -3521.374495
30 33 35 38 -3274.788020
30 33 36 39 -2245.025475
30 33 37 40 -574.331735
30 33 38 41 4524.336490
30 33 40 43 2858.778865
30 33 41 44 -2017.187425
30 33 42 45 -2179.006430
30 33 43 46 -1972.794445
30 33 44 47 -1706.573165
30 33 45 48 -1092.845845
30 33 46 49 2736.178845
30 33 47 50 2751.881020
30 33 48 51 2334.891870
30 33 49 52 -1389.395185
30 33 50 53 -1530.296580
30 33 51 54 -1492.269135
30 33 52 55 -1350.753705
30 33 53 56 -1051.749545
30 33 54 57 2075.036530
30 33 55 58 2159.695545
30 33 56 59 1961.709490
30 33 57 60 -1146.891430
30 33 58 61 -1244.672825
30 33 59 62 -1226.226135
30 33 60 63 -1122.475195
30 33 61 64 -941.810027
30 33 62 1 2459.519625
30 33 63 2 2216.897925
30 33 64 3 1483.652950
31 34 32 35 4262.992910
31 34 33 36 -1787.567485
31 34 35 38 -3548.985290
31 34 36 39 -3159.506730
31 34 37 40 -1719.841435
31 34 38 41 3797.289580
31 34 40 43 3673.686715
31 34 41 44 -1440.546900
31 34 42 45 -2213.632620
31 34 43 46 -2263.686245
31 34 44 47 -2143.575910
31 34 45 48 -1579.051070
31 34 46 49 2550.515765
31 34 47 50 2940.566925
31 34 48 51 2715.189850
31 34 49 52 -1135.071820
31 34 50 53 -1474.291425
31 34 51 54 -1607.349725
31 34 52 55 -1611.660900
31 34 53 56 -1342.598435
31 34 54 57 2019.248380
31 34 55 58 2293.806455
31 34 56 59 2227.147795
31 34 57 60 -1017.522455
31 34 58 61 -1221.115760
31 34 59 62 -1314.661435
31 34 60 63 -1270.195705
31 34 61 64 -1119.702640
31 34 62 1 2285.873490
31 34 63 2 2310.831895
31 34 64 3 1858.259770
32 35 34 37 -2085.262015
32 35 36 39 -3661.548625
32 35 37 40 -2527.136885
32 35 38 41 2613.760565
32 35 41 44 -466.452903
32 35 42 45 -1440.762325
32 35 43 46 -2284.525235
32 35 44 47 -2450.127705
32 35 45 48 -1955.883840
32 35 46 49 1973.482935
32 35 47 50 2615.880925
32 35 48 51 2771.762630
32 35 49 52 -658.537984
32 35 50 53 -1101.966540
32 35 51 54 -1481.490375
32 35 52 55 -1662.112485
32 35 53 56 -1490.885455
32 35 54 57 1609.262665
32 35 55 58 2036.176620
32 35 56 59 2164.710500
32 35 57 60 -698.825591
32 35 58 61 -960.639759
32 35 59 62 -1179.076575
32 35 60 63 -1274.178365
32 35 61 64 -1195.390655
32 35 62 1 1902.409750
32 35 63 2 2129.677290
32 35 64 3 1939.740430
33 36 34 37 2402.811840
33 36 35 38 227.205780
33 36 37 40 -692.639797
33 36 38 41 -2189.293570
33 36 39 42 -1455.795560
33 36 40 43 -419.570823
33 36 41 44 2324.079570
33 36 42 45 1624.453465
33 36 43 46 458.570358
33 36 45 48 -258.038209
33 36 46 49 -1502.613815
33 36 47 50 -1108.993370
33 36 48 51 -614.154667
33 36 49 52 1193.612480
33 36 50 53 984.584555
33 36 51 54 562.811005
33 36 52 55 206.843800
33 36 53 56 68.148281
33 36 54 57 -1163.865340
33 36 55 58 -930.593727
33 36 56 59 -632.293643
33 36 57 60 823.052499
33 36 58 61 727.539502
33 36 59 62 517.108021
33 36 60 63 304.417956
33 36 61 64 179.414629
33 36 62 1 -1687.910770
33 36 63 2 -1361.163000
33 36 64 3 -882.379684
34 37 35 38 2895.625270
34 37 36 39 704.750521
34 37 38 41 -3358.158900
34 37 39 42 -2660.968275
34 37 40 43 -1699.697670
34 37 41 44 1691.194510
34 37 42 45 2552.030120
34 37 43 46 1766.845410
34 37 44 47 795.457626
34 37 46 49 -2209.317350
34 37 47 50 -1890.567130
34 37 48 51 -1398.584475
34 37 49 52 1137.064520
34 37 50 53 1336.910115
34 37 51 54 1168.563255
34 37 52 55 774.282970
34 37 53 56 393.978952
34 37 54 57 -1583.923295
34 37 55 58 -1486.575100
34 37 56 59 -1208.634800
34 37 57 60 880.055290
34 37 58 61 964.698950
34 37 59 62 885.159165
34 37 60 63 675.629677
34 37 61 64 473.694570
34 37 62 1 -1890.665200
34 37 63 2 -1757.616895
34 37 64 3 -1334.685605
35 38 36 39 3011.009220
35 38 37 40 297.626193
35 38 39 42 -3172.760460
35 38 40 43 -2696.792650
35 38 41 44 571.473127
35 38 42 45 1689.532135
35 38 43 46 2490.826895
35 38 44 47 1988.672415
35 38 45 48 852.645603
35 38 46 49 -2261.715920
35 38 47 50 -2271.620135
35 38 48 51 -1957.299890
35 38 49 52 683.162715
35 38 50 53 1096.787650
35 38 51 54 1376.889330
35 38 52 55 1284.917425
35 38 53 56 877.202385
35 38 54 57 -1521.707560
35 38 55 58 -1693.817410
35 38 56 59 -1577.836810
35 38 57 60 658.956809
35 38 58 61 871.058189
35 38 59 62 999.790147
35 38 60 63 944.822917
35 38 61 64 775.935092
35 38 62 1 -1767.847615
35 38 63 2 -1882.563750
35 38 64 3 -1656.220865
36 39 37 40 2428.967765
36 39 38 41 -2173.644715
36 39 40 43 -3112.736900
36 39 41 44 -275.203131
36 39 42 45 657.138270
36 39 43 46 1877.446755
36 39 44 47 2702.841470
36 39 45 48 1877.379395
36 39 46 49 -1555.639900
36 39 47 50 -2276.918540
36 39 48 51 -2251.027040
36 39 49 52 289.974584
36 39 50 53 678.590917
36 39 51 54 1190.712055
36 39 52 55 1519.464620
36 39 53 56 1311.960010
36 39 54 57 -1211.578075
36 39 55 58 -1649.733420
36 39 56 59 -1755.953985
36 39 57 60 425.716107
36 39 58 61 666.088023
36 39 59 62 932.665389
36 39 60 63 1059.535230
36 39 61 64 1004.717105
36 39 62 1 -1393.019275
36 39 63 2 -1672.244560
36 39 64 3 -1653.141205
37 40 39 42 -1725.004525
37 40 41 44 -242.202249
37 40 42 45 -322.348777
37 40 43 46 568.315783
37 40 44 47 1668.508930
37 40 45 48 2291.925965
37 40 46 49 -437.121120
37 40 47 50 -1359.425330
37 40 48 51 -1841.690425
37 40 49 52 60.499365
37 40 50 53 212.042332
37 40 51 54 595.061369
37 40 52 55 1064.672895
37 40 53 56 1239.372990
37 40 54 57 -576.006502
37 40 55 58 -1050.797340
37 40 56 59 -1347.588645
37 40 57 60 185.183497
37 40 58 61 330.333517
37 40 59 62 563.336888
37 40 60 63 777.287893
37 40 61 64 871.531945
37 40 62 1 -773.031085
37 40 63 2 -1068.516425
37 40 64 3 -1213.101910
38 41 40 43 2579.402690
38 41 42 45 -2505.362680
38 41 43 46 -2362.681550
38 41 44 47 -1717.646195
38 41 45 48 -744.239067
38 41 46 49 3394.712305
38 41 47 50 2993.011840
38 41 48 51 2271.056970
38 41 49 52 -1698.843435
38 41 50 53 -1754.338355
38 41 51 54 -1651.102990
38 41 52 55 -1383.859305
38 41 53 56 -927.257731
38 41 54 57 2416.830490
38 41 55 58 2371.265560
38 41 56 59 2006.423535
38 41 57 60 -1342.335005
38 41 58 61 -1416.819250
38 41 59 62 -1347.519530
38 41 60 63 -1139.236615
38 41 61 64 -894.850645
38 41 62 1 1955.546490
38 41 63 2 1906.706340
38 41 64 3 1503.010295
39 42 41 44 -1533.473445
39 42 43 46 -2511.291990
39 42 44 47 -2433.587025
39 42 45 48 -1653.742995
39 42 46 49 2924.568990
39 42 47 50 3479.120360
39 42 48 51 2988.968800
39 42 49 52 -1285.615215
39 42 50 53 -1743.848785
39 42 51 54 -1850.179975
39 42 52 55 -1769.145885
39 42 53 56 -1402.738210
39 42 54 57 2251.433750
39 42 55 58 2563.529310
39 42 56 59 2418.201090
39 42 57 60 -1105.329255
39 42 58 61 -1358.956760
39 42 59 62 -1465.809265
39 42 60 63 -1383.724770
39 42 61 64 -1200.315925
39 42 62 1 1871.814965
39 42 63 2 2006.259920
39 42 64 3 1754.782145
40 43 41 44 -336.874186
40 43 42 45 -1463.299210
40 43 44 47 -2694.266765
40 43 45 48 -2193.019055
40 43 46 49 2090.523980
40 43 47 50 2938.901045
40 43 48 51 3296.226610
40 43 49 52 -536.603225
40 43 50 53 -1180.640200
40 43 51 54 -1792.787275
40 43 52 55 -1942.891450
40 43 53 56 -1687.229555
40 43 54 57 1720.604090
40 43 55 58 2267.128575
40 43 56 59 2462.683945
40 43 57 60 -651.458973
40 43 58 61 -1017.821090
40 43 59 62 -1343.260930
40 43 60 63 -1464.013710
40 43 61 64 -1376.175705
40 43 62 1 1439.462265
40 43 63 2 1719.235740
40 43 64 3 1646.824040
41 44 42 45 1883.564570
41 44 43 46 442.504581
41 44 45 48 -372.604453
41 44 46 49 -1806.440190
41 44 47 50 -1234.672335
41 44 48 51 -515.496952
41 44 49 52 1755.797375
41 44 50 53 1301.805930
41 44 51 54 560.992276
41 44 53 56 -100.150498
41 44 54 57 -1426.980995
41 44 55 58 -1050.341935
41 44 56 59 -611.990139
41 44 57 60 1117.738955
41 44 58 61 933.140548
41 44 59 62 568.306678
41 44 60 63 241.410798
41 44 61 64 90.852613
41 44 62 1 -1368.707705
41 44 63 2 -1181.620605
41 44 64 3 -894.323292
42 45 43 46 1796.404520
42 45 44 47 501.218968
42 45 46 49 -2317.692385
42 45 47 50 -1925.848175
42 45 48 51 -1262.458125
42 45 49 52 1414.036480
42 45 50 53 1812.392575
42 45 51 54 1338.225665
42 45 52 55 599.986514
42 45 54 57 -1830.287080
42 45 55 58 -1551.980420
42 45 56 59 -1137.290610
42 45 57 60 1064.663250
42 45 58 61 1178.448135
42 45 59 62 984.513751
42 45 60 63 607.068726
42 45 61 64 305.150201
42 45 62 1 -1603.998755
42 45 63 2 -1498.699215
42 45 64 3 -1220.534470
43 46 44 47 2039.907850
43 46 45 48 600.524383
43 46 47 50 -2374.587545
43 46 48 51 -2029.842095
43 46 49 52 608.314223
43 46 50 53 1311.052430
43 46 51 54 1887.790475
43 46 52 55 1514.996560
43 46 53 56 747.759624
43 46 54 57 -1871.400925
43 46 55 58 -1913.407175
43 46 56 59 -1661.984560
43 46 57 60 671.865294
43 46 58 61 1008.306031
43 46 59 62 1204.083925
43 46 60 63 1059.995235
43 46 61 64 744.689406
43 46 62 1 -1457.302560
43 46 63 2 -1562.754005
43 46 64 3 -1393.883445
44 47 45 48 2024.143465
44 47 46 49 -1675.239495
44 47 48 51 -2459.851310
44 47 50 53 593.090155
44 47 51 54 1440.317680
44 47 52 55 2040.049490
44 47 53 56 1559.013850
44 47 54 57 -1316.136450
44 47 55 58 -1953.026090
44 47 56 59 -1980.294045
44 47 57 60 325.167971
44 47 58 61 653.395515
44 47 59 62 1063.183770
44 47 60 63 1270.904050
44 47 61 64 1161.638910
44 47 62 1 -1100.538280
44 47 63 2 -1426.356990
44 47 64 3 -1435.350830
45 48 46 49 -474.383916
45 48 47 50 -1631.489350
45 48 49 52 -103.454667
45 48 50 53 -24.726520
45 48 51 54 615.177901
45 48 52 55 1457.385595
45 48 53 56 1889.531085
45 48 54 57 -549.695637
45 48 55 58 -1310.155620
45 48 56 59 -1806.162370
45 48 57 60 107.078370
45 48 58 61 282.667445
45 48 59 62 648.379886
45 48 60 63 1033.263850
45 48 61 64 1221.397195
45 48 62 1 -584.617154
45 48 63 2 -977.650388
45 48 64 3 -1172.052900
46 49 47 50 3078.551585
46 49 48 51 2111.488640
46 49 50 53 -2027.127230
46 49 51 54 -1967.236725
46 49 52 55 -1424.753515
46 49 53 56 -704.663042
46 49 54 57 3028.456555
46 49 55 58 2645.311555
46 49 56 59 1995.418575
46 49 57 60 -1694.360790
46 49 58 61 -1683.561975
46 49 59 62 -1509.362900
46 49 60 63 -1167.315880
46 49 61 64 -790.766535
46 49 62 1 1815.766895
46 49 63 2 1837.461645
46 49 64 3 1560.128575
47 50 48 51 3093.391910
47 50 49 52 -1330.828255
47 50 51 54 -2109.535340
47 50 52 55 -2038.231355
47 50 53 56 -1469.294630
47 50 54 57 2546.877095
47 50 55 58 3060.735840
47 50 56 59 2676.887150
47 50 57 60 -1209.013875
47 50 58 61 -1624.761565
47 50 59 62 -1701.539095
47 50 60 63 -1571.357780
47 50 61 64 -1292.303320
47 50 62 1 1710.316945
47 50 63 2 1955.085990
47 50 64 3 1817.477245
48 51 49 52 -461.742192
48 51 50 53 -1269.523685
48 51 52 55 -2180.198945
48 51 53 56 -1940.586150
48 51 54 57 1855.569625
48 51 55 58 2586.059880
48 51 56 59 2976.654865
48 51 57 60 -586.098304
48 51 58 61 -1146.390055
48 51 59 62 -1642.992005
48 51 60 63 -1728.044205
48 51 61 64 -1585.864735
48 51 62 1 1289.980795
48 51 63 2 1675.464075
48 51 64 3 1735.798445
49 52 50 53 1526.041225
49 52 51 54 548.490163
49 52 53 56 -195.220316
49 52 54 57 -1791.612745
49 52 55 58 -1222.429520
49 52 56 59 -575.292589
49 52 57 60 1648.688055
49 52 58 61 1233.115215
49 52 59 62 600.154485
49 52 62 1 -1220.102780
49 52 63 2 -1069.475065
49 52 64 3 -854.149358
50 53 51 54 1482.933080
50 53 52 55 492.220711
50 53 54 57 -1973.453770
50 53 55 58 -1707.405835
50 53 56 59 -1165.365450
50 53 57 60 1261.979125
50 53 58 61 1575.997120
50 53 59 62 1182.536560
50 53 60 63 554.068066
50 53 62 1 -1450.359145
50 53 63 2 -1309.528890
50 53 64 3 -1080.415415
51 54 52 55 1575.850380
51 54 53 56 580.797407
51 54 55 58 -2059.326270
51 54 56 59 -1796.658770
51 54 57 60 647.089104
51 54 58 61 1227.479780
51 54 59 62 1629.820070
51 54 60 63 1240.838265
51 54 61 64 652.774764
51 54 62 1 -1462.279295
51 54 63 2 -1484.435170
51 54 64 3 -1271.859635
52 55 53 56 1640.752000
52 55 54 57 -1395.402335
52 55 56 59 -2103.449395
52 55 58 61 605.172029
52 55 59 62 1262.885850
52 55 60 63 1665.380840
52 55 61 64 1329.117940
52 55 62 1 -1022.094820
52 55 63 2 -1477.499455
52 55 64 3 -1421.631545
53 56 54 57 -521.525027
53 56 55 58 -1436.386995
53 56 59 62 651.976768
53 56 60 63 1302.375565
53 56 61 64 1681.188270
53 56 62 1 -445.075519
53 56 63 2 -1024.528900
53 56 64 3 -1375.835575
54 57 55 58 2818.296330
54 57 56 59 1937.499995
54 57 58 61 -1986.159035
54 57 59 62 -1773.184675
54 57 60 63 -1234.469845
54 57 61 64 -644.600997
54 57 62 1 1929.114735
54 57 63 2 1882.628620
54 57 64 3 1576.397590
55 58 56 59 2822.456785
55 58 57 60 -1358.128425
55 58 59 62 -1992.045150
55 58 60 63 -1796.764530
55 58 61 64 -1321.523235
55 58 62 1 1695.395645
55 58 63 2 2063.875015
55 58 64 3 1884.587705
56 59 57 60 -515.860192
56 59 58 61 -1285.024345
56 59 60 63 -1995.465540
56 59 61 64 -1833.720375
56 59 62 1 1252.232810
56 59 63 2 1765.726535
56 59 64 3 1988.167155
57 60 58 61 1527.249390
57 60 59 62 605.569457
57 60 61 64 -162.625225
57 60 62 1 -1185.807675
57 60 63 2 -1035.231265
57 60 64 3 -842.781801
58 61 59 62 1459.610780
58 61 60 63 515.624790
58 61 62 1 -1409.075525
58 61 63 2 -1226.979870
58 61 64 3 -1017.221745
59 62 60 63 1472.218105
59 62 61 64 600.015670
59 62 63 2 -1524.127600
59 62 64 3 -1248.702655
60 63 61 64 1545.614975
60 63 64 3 -1483.294420
61 64 63 2 -1079.137975
