5.084138182519692606e+01
5.947680189878190049e+01
5.080002993438787229e+01
3.872073604303855632e+01
4.049919721419065866e+01
4.535905692348128326e+01
-4.154688564059924261e+00
5.596586432397077004e+01
9.454380992527580929e+01
6.116708974495736584e+01
2.538470633818546673e+01
2.490164846803645560e+01
9.095488173098254947e+01
-1.859457031841097674e+01
8.709611543227781283e+01
1.055285406426927466e+02
7.736023617883908798e+01
3.217286107136792594e+01
2.226264685051900472e+01
1.169341726635371543e+02
-5.278679460196311624e+00
9.213542046790801976e+01
1.215014178001933942e+02
1.103807632687909148e+02
6.509807874437096586e+01
9.665103081941452956e+00
1.707762038578962347e+02
-4.648965049917593007e+01
1.345429788911355331e+02
1.617260515886509893e+02
1.490728843851052829e+02
1.426503601308165230e+02
1.347017366967620831e+02
1.309657107310654567e+02
-3.595922612210346259e+00
1.144074340244197856e+02
1.624096309396250604e+02
1.845433718168294490e+02
2.099759831989988754e+02
2.171530343295045782e+02
1.769008021795523291e+02
4.985427789465846615e+01
1.039010111161455256e+02
1.527707603129038034e+02
1.943634087967020037e+02
2.600675177641402342e+02
3.262771712729000910e+02
2.941660882295768715e+02
7.191097432534880340e+01
1.167693349037078860e+02
1.699054550360500855e+02
2.304172956671501140e+02
3.098701681923159867e+02
4.448654586215819791e+02
2.366011958798735648e+01
4.487962497556507202e+01
6.778466365317453324e+01
8.897606386869964012e+01
9.524239012466225063e+01
7.264403156899754777e+01
-2.005682854365738166e+01
7.493051721644441443e+00
5.733813894440939407e+01
2.748540967890003373e+01
1.352088545364922823e+02
1.490554992285634057e+02
9.384776648474363014e+01
-1.679454635411999064e+01
3.305290234733097066e+01
5.936996939927491468e+01
6.976529039579629909e+01
1.197345172189493496e+02
1.412358361073652873e+02
1.047439594770951174e+02
1.860227296779762085e+01
4.735271654220240123e+01
7.389672783439061732e+01
1.056234071617420511e+02
1.254024180762123137e+02
1.399410136584975533e+02
1.180889298287751501e+02
2.783394580667692964e+01
6.285724913501892530e+01
1.083695400465649641e+02
1.448128275078938714e+02
1.647966254890557707e+02
1.689637228804171514e+02
1.481184562128845812e+02
1.480241885279890646e+01
7.008265748998492484e+01
1.375668504716550729e+02
2.225253209350603356e+02
2.209449618833668296e+02
2.545830097136947643e+02
1.941280649795459397e+02
-4.582008252315930896e+00
6.174165243934702119e+01
1.156642178689176603e+02
3.248457625974126017e+02
3.090164159562048098e+02
3.668986231246016132e+02
3.132574955525059863e+02
3.942276060092117973e+01
8.430130861250366081e+01
1.624800656444010940e+02
2.746438695704174506e+02
3.564258714913028143e+02
4.828937434059621410e+02
1.445902836141355579e+02
1.454150576467006601e+02
2.107582024556710962e+02
8.411165047716252730e+01
2.537938612648433150e+02
2.750391646764179541e+02
1.443405350415557109e+01
2.448629667911891943e+02
2.958790440480580628e+02
3.492636018042187516e+02
2.723905665452690883e+01
1.463010747327925003e+02
2.682524060123757295e+02
3.377481825695946327e+02
4.591222092766270180e+02
-4.230280245350424906e+00
1.422807251274919054e+02
2.230719585214858398e+02
2.893653144914202358e+02
4.320445590493914096e+02
6.401936167022687414e+02
9.077844775506895303e+01
1.797387163138710093e+02
2.552682354931016562e+02
3.609330563381673755e+02
5.840831996792849168e+02
3.412694598915486210e+01
1.419228360227322128e+02
1.860875383836281856e+02
2.905154082746221320e+02
4.445713481872752482e+02
6.613383158546279219e+02
7.833020294312325404e+01
1.248794577792996563e+02
1.734833900112108154e+02
3.110406042731404455e+02
4.898581849915761950e+02
7.980626408718697462e+01
9.650085624749897306e+01
1.216417937925217672e+02
4.470497470093833954e+02
5.261521951079673443e+01
7.718409502450751347e+01
2.804493539965866375e+02
3.180658087865170458e+01
1.757409893550386073e+02
8.494726635010015059e+01
1.523728756656025141e+01
1.885880223847327954e+02
-1.286229604130666928e+02
1.965788338217283240e+02
2.859219132484635395e+01
-1.297781490727292635e+02
1.737442929273922800e+02
1.140880642261210909e+02
-5.713999674496902514e+01
-9.598575641405518866e+01
1.019042467159808041e+01
2.157906191771339763e+02
3.741215070424536293e+01
-5.872202856703547980e+01
-6.084124877848825719e+01
-2.207605698369490455e+01
1.182029496821394048e+02
7.963714393639949662e+01
-2.499558985383276877e+01
-3.253370353284812211e+01
-1.797595706579325991e+01
-4.597056266123127699e+01
4.610903128317630717e+01
6.967144141526023304e+01
5.741032156044242107e+00
-4.317289491541507829e+01
2.697113590697550833e+01
1.833608485102638141e+01
-2.948404546595373432e+01
2.809982786729993265e+01
-1.276875684617939655e+00
-4.470221574612956772e+01
4.015376952908262354e+00
9.749842086438579258e+01
-1.771859964583926228e+01
-1.515016393646358850e+01
-3.972204295122298845e+01
-5.871807656525606944e+01
1.380790262503401209e+02
-3.548497179117188693e+01
-5.751817360753729957e+01
-2.346886301179473477e+01
7.761341132160245593e+01
-7.591423490711464694e+01
-4.514454491669205538e+01
6.876391200941077386e+01
-7.198447604819301660e+01
3.331459276594903685e+01
-1.188107006289697054e+01
