49.49311463406916
59.03784361945773
48.0425345413233
28.92302600537594
37.352953726147106
46.915332245572
3.904197799710936
57.87529502847464
92.80650094046692
60.51351141371012
19.65454759893845
28.033074736611155
95.29805760551321
-7.298022557337293
91.64523765948849
104.04633061098652
79.12697133144692
31.288785012539076
32.34919490449657
126.8802215009502
1.45334214935275
99.64392977573844
124.48427231553316
114.62220206405199
68.43807716061049
25.45071293219636
186.88342055887784
-42.391953582964774
140.22354414471093
159.61141083655158
163.13076918546653
202.3460941851959
125.4024458493512
60.260313236320904
-7.95389999117321
108.57600295888352
156.39512590806126
177.37973889010425
221.9038070155139
206.5916157870244
128.76781201288873
51.00551004097388
101.80998217723848
147.94193012464208
183.08912664764648
245.22194220208516
318.51918792454103
288.93319483931725
72.34277512590654
118.86440658841353
171.4154499923369
229.7704788209763
305.58660901831905
440.18836522319145
29.947265832310794
54.609636228305426
77.42872976777082
98.74286067370458
102.54585615063831
78.09003492547319
-14.091667977148344
14.93200387263386
62.3435422072082
37.959073646048964
145.76522071936276
157.4367454026098
96.80709671171566
-17.758448582367507
36.84314888123467
64.35554723732403
81.16612495987289
131.69966166593449
150.38861572719304
107.67900546542757
18.81706672490992
45.737802109638864
62.01010564292903
110.70957374856049
149.13246984336192
152.5622449124335
118.78686634124878
30.221797118897804
65.84586935085638
111.41532615754879
136.1189427669974
190.65300242668712
184.20572548840624
143.66987996662638
18.192619048421374
72.7191278866338
144.48506759971252
283.1145274587646
266.00970089892564
175.7543846931594
182.92878619237962
-1.7918824144883825
61.54435868465289
112.93642431449386
325.9908897225353
347.81421696698783
349.54980410415465
307.8537974795112
34.99072823554759
74.88138229761927
148.68114813701771
264.7085777486192
360.66846216810865
487.00600608322077
150.5457057095846
154.42949145725026
216.1584936428875
91.98741961563739
261.5477571583353
280.6039552496117
17.213837300878573
248.19937363930882
303.5228571685509
352.11853889076826
23.167411051804514
136.1960761565585
262.1805719319991
345.96079473062866
456.54946237746316
-20.282785442229603
127.74998137773716
199.00079004938
250.7913928318969
444.63734594338285
634.2863195567929
85.42120448726281
173.17086604723698
254.70565006709882
311.7090957737474
569.2915904349013
31.271224998048616
138.83694988652493
190.6540594704588
354.92189190357595
473.25064230790184
646.5207919376754
77.87462291392387
127.2510279052412
180.57843146420385
303.6287563748632
509.6291397977034
79.56863758730368
97.537017856813
115.2551066087628
462.26989776406646
51.641804609845565
67.83897096444063
280.73543009884645
21.03756698221858
172.70874235180236
82.91767429146024
-1.270407616467434
197.9284010694873
-105.41489949129598
196.1850475190284
-39.41476181236489
-129.2816519342437
203.07087228257512
138.85182210748616
-128.94913865308715
-106.65754240229559
21.767406915607964
279.8966253238173
-57.97311330215308
-88.15739960111314
-70.72557701153238
-13.86260516940677
122.32545814286784
88.05051370831785
-50.69763001751119
-53.573949397291116
-25.90858636152943
-39.40806563590983
46.835649327866534
74.43325659676768
-6.970549544975518
-56.95552439164072
12.70651966472708
12.968151239639887
-34.53480053726605
23.982030494601073
1.647235720697548
-52.372654106856785
0.6800420392416964
100.12424820241628
-19.07594186073613
-13.241808136649265
-38.22513246050313
-49.09237931867778
145.72681822770417
-29.101130237859763
-52.998364920160206
-12.647852384706663
88.25701602961605
-73.51729273479495
-43.56759252166734
78.00093884558555
-71.41656325225755
43.90828606015806
-13.625496629248545
