2.500000000000000139e-02 2.000000000000000042e-02
2.500000000000000139e-02 5.000000000000000278e-02
2.500000000000000139e-02 8.000000000000000167e-02
2.500000000000000139e-02 1.100000000000000006e-01
2.500000000000000139e-02 1.399999999999999856e-01
2.500000000000000139e-02 1.699999999999999845e-01
2.500000000000000139e-02 1.999999999999999833e-01
2.500000000000000139e-02 2.299999999999999822e-01
2.500000000000000139e-02 2.600000000000000089e-01
2.500000000000000139e-02 2.900000000000000355e-01
2.500000000000000139e-02 3.200000000000000067e-01
2.500000000000000139e-02 3.499999999999999778e-01
2.500000000000000139e-02 3.800000000000000044e-01
2.500000000000000139e-02 4.100000000000000311e-01
2.500000000000000139e-02 4.400000000000000022e-01
2.500000000000000139e-02 4.699999999999999734e-01
2.500000000000000139e-02 5.000000000000000000e-01
5.500000000000000028e-02 2.000000000000000042e-02
5.500000000000000028e-02 5.000000000000000278e-02
5.500000000000000028e-02 8.000000000000000167e-02
5.500000000000000028e-02 1.100000000000000006e-01
5.500000000000000028e-02 1.399999999999999856e-01
5.500000000000000028e-02 1.699999999999999845e-01
5.500000000000000028e-02 1.999999999999999833e-01
5.500000000000000028e-02 2.299999999999999822e-01
5.500000000000000028e-02 2.600000000000000089e-01
5.500000000000000028e-02 2.900000000000000355e-01
5.500000000000000028e-02 3.200000000000000067e-01
5.500000000000000028e-02 3.499999999999999778e-01
5.500000000000000028e-02 3.800000000000000044e-01
5.500000000000000028e-02 4.100000000000000311e-01
5.500000000000000028e-02 4.400000000000000022e-01
5.500000000000000028e-02 4.699999999999999734e-01
5.500000000000000028e-02 5.000000000000000000e-01
8.499999999999999223e-02 2.000000000000000042e-02
8.499999999999999223e-02 5.000000000000000278e-02
8.499999999999999223e-02 8.000000000000000167e-02
8.499999999999999223e-02 1.100000000000000006e-01
8.499999999999999223e-02 1.399999999999999856e-01
8.499999999999999223e-02 1.699999999999999845e-01
8.499999999999999223e-02 1.999999999999999833e-01
8.499999999999999223e-02 2.299999999999999822e-01
8.499999999999999223e-02 2.600000000000000089e-01
8.499999999999999223e-02 2.900000000000000355e-01
8.499999999999999223e-02 3.200000000000000067e-01
8.499999999999999223e-02 3.499999999999999778e-01
8.499999999999999223e-02 3.800000000000000044e-01
8.499999999999999223e-02 4.100000000000000311e-01
8.499999999999999223e-02 4.400000000000000022e-01
8.499999999999999223e-02 4.699999999999999734e-01
8.499999999999999223e-02 5.000000000000000000e-01
1.149999999999999911e-01 2.000000000000000042e-02
1.149999999999999911e-01 5.000000000000000278e-02
1.149999999999999911e-01 8.000000000000000167e-02
1.149999999999999911e-01 1.100000000000000006e-01
1.149999999999999911e-01 1.399999999999999856e-01
1.149999999999999911e-01 1.699999999999999845e-01
1.149999999999999911e-01 1.999999999999999833e-01
1.149999999999999911e-01 2.299999999999999822e-01
1.149999999999999911e-01 2.600000000000000089e-01
1.149999999999999911e-01 2.900000000000000355e-01
1.149999999999999911e-01 3.200000000000000067e-01
1.149999999999999911e-01 3.499999999999999778e-01
1.149999999999999911e-01 3.800000000000000044e-01
1.149999999999999911e-01 4.100000000000000311e-01
1.149999999999999911e-01 4.400000000000000022e-01
1.149999999999999911e-01 4.699999999999999734e-01
1.149999999999999911e-01 5.000000000000000000e-01
1.449999999999999900e-01 2.000000000000000042e-02
1.449999999999999900e-01 5.000000000000000278e-02
1.449999999999999900e-01 8.000000000000000167e-02
1.449999999999999900e-01 1.100000000000000006e-01
1.449999999999999900e-01 1.399999999999999856e-01
1.449999999999999900e-01 1.699999999999999845e-01
1.449999999999999900e-01 1.999999999999999833e-01
1.449999999999999900e-01 2.299999999999999822e-01
1.449999999999999900e-01 2.600000000000000089e-01
1.449999999999999900e-01 2.900000000000000355e-01
1.449999999999999900e-01 3.200000000000000067e-01
1.449999999999999900e-01 3.499999999999999778e-01
1.449999999999999900e-01 3.800000000000000044e-01
1.449999999999999900e-01 4.100000000000000311e-01
1.449999999999999900e-01 4.400000000000000022e-01
1.449999999999999900e-01 4.699999999999999734e-01
1.449999999999999900e-01 5.000000000000000000e-01
1.749999999999999889e-01 2.000000000000000042e-02
1.749999999999999889e-01 5.000000000000000278e-02
1.749999999999999889e-01 8.000000000000000167e-02
1.749999999999999889e-01 1.100000000000000006e-01
1.749999999999999889e-01 1.399999999999999856e-01
1.749999999999999889e-01 1.699999999999999845e-01
1.749999999999999889e-01 1.999999999999999833e-01
1.749999999999999889e-01 2.299999999999999822e-01
1.749999999999999889e-01 2.600000000000000089e-01
1.749999999999999889e-01 2.900000000000000355e-01
1.749999999999999889e-01 3.200000000000000067e-01
1.749999999999999889e-01 3.499999999999999778e-01
1.749999999999999889e-01 3.800000000000000044e-01
1.749999999999999889e-01 4.100000000000000311e-01
1.749999999999999889e-01 4.400000000000000022e-01
1.749999999999999889e-01 4.699999999999999734e-01
1.749999999999999889e-01 5.000000000000000000e-01
2.049999999999999878e-01 2.000000000000000042e-02
2.049999999999999878e-01 5.000000000000000278e-02
2.049999999999999878e-01 8.000000000000000167e-02
2.049999999999999878e-01 1.100000000000000006e-01
2.049999999999999878e-01 1.399999999999999856e-01
2.049999999999999878e-01 1.699999999999999845e-01
2.049999999999999878e-01 1.999999999999999833e-01
2.049999999999999878e-01 2.299999999999999822e-01
2.049999999999999878e-01 2.600000000000000089e-01
2.049999999999999878e-01 2.900000000000000355e-01
2.049999999999999878e-01 3.200000000000000067e-01
2.049999999999999878e-01 3.499999999999999778e-01
2.049999999999999878e-01 3.800000000000000044e-01
2.049999999999999878e-01 4.100000000000000311e-01
2.049999999999999878e-01 4.400000000000000022e-01
2.049999999999999878e-01 4.699999999999999734e-01
2.049999999999999878e-01 5.000000000000000000e-01
2.349999999999999867e-01 2.000000000000000042e-02
2.349999999999999867e-01 5.000000000000000278e-02
2.349999999999999867e-01 8.000000000000000167e-02
2.349999999999999867e-01 1.100000000000000006e-01
2.349999999999999867e-01 1.399999999999999856e-01
2.349999999999999867e-01 1.699999999999999845e-01
2.349999999999999867e-01 1.999999999999999833e-01
2.349999999999999867e-01 2.299999999999999822e-01
2.349999999999999867e-01 2.600000000000000089e-01
2.349999999999999867e-01 2.900000000000000355e-01
2.349999999999999867e-01 3.200000000000000067e-01
2.349999999999999867e-01 3.499999999999999778e-01
2.349999999999999867e-01 3.800000000000000044e-01
2.349999999999999867e-01 4.100000000000000311e-01
2.349999999999999867e-01 4.400000000000000022e-01
2.349999999999999867e-01 4.699999999999999734e-01
2.349999999999999867e-01 5.000000000000000000e-01
2.650000000000000133e-01 2.000000000000000042e-02
2.650000000000000133e-01 5.000000000000000278e-02
2.650000000000000133e-01 8.000000000000000167e-02
2.650000000000000133e-01 1.100000000000000006e-01
2.650000000000000133e-01 1.399999999999999856e-01
2.650000000000000133e-01 1.699999999999999845e-01
2.650000000000000133e-01 1.999999999999999833e-01
2.650000000000000133e-01 2.299999999999999822e-01
2.650000000000000133e-01 2.600000000000000089e-01
2.650000000000000133e-01 2.900000000000000355e-01
2.650000000000000133e-01 3.200000000000000067e-01
2.650000000000000133e-01 3.499999999999999778e-01
2.650000000000000133e-01 3.800000000000000044e-01
2.650000000000000133e-01 4.100000000000000311e-01
2.650000000000000133e-01 4.400000000000000022e-01
2.650000000000000133e-01 4.699999999999999734e-01
2.650000000000000133e-01 5.000000000000000000e-01
2.950000000000000400e-01 2.000000000000000042e-02
2.950000000000000400e-01 5.000000000000000278e-02
2.950000000000000400e-01 8.000000000000000167e-02
2.950000000000000400e-01 1.100000000000000006e-01
2.950000000000000400e-01 1.399999999999999856e-01
2.950000000000000400e-01 1.699999999999999845e-01
2.950000000000000400e-01 1.999999999999999833e-01
2.950000000000000400e-01 2.299999999999999822e-01
2.950000000000000400e-01 2.600000000000000089e-01
2.950000000000000400e-01 2.900000000000000355e-01
2.950000000000000400e-01 3.200000000000000067e-01
2.950000000000000400e-01 3.499999999999999778e-01
2.950000000000000400e-01 3.800000000000000044e-01
2.950000000000000400e-01 4.100000000000000311e-01
2.950000000000000400e-01 4.400000000000000022e-01
2.950000000000000400e-01 4.699999999999999734e-01
2.950000000000000400e-01 5.000000000000000000e-01
3.250000000000000111e-01 2.000000000000000042e-02
3.250000000000000111e-01 5.000000000000000278e-02
3.250000000000000111e-01 8.000000000000000167e-02
3.250000000000000111e-01 1.100000000000000006e-01
3.250000000000000111e-01 1.399999999999999856e-01
3.250000000000000111e-01 1.699999999999999845e-01
3.250000000000000111e-01 1.999999999999999833e-01
3.250000000000000111e-01 2.299999999999999822e-01
3.250000000000000111e-01 2.600000000000000089e-01
3.250000000000000111e-01 2.900000000000000355e-01
3.250000000000000111e-01 3.200000000000000067e-01
3.250000000000000111e-01 3.499999999999999778e-01
3.250000000000000111e-01 3.800000000000000044e-01
3.250000000000000111e-01 4.100000000000000311e-01
3.250000000000000111e-01 4.400000000000000022e-01
3.250000000000000111e-01 4.699999999999999734e-01
3.250000000000000111e-01 5.000000000000000000e-01
3.549999999999999822e-01 2.000000000000000042e-02
3.549999999999999822e-01 5.000000000000000278e-02
3.549999999999999822e-01 8.000000000000000167e-02
3.549999999999999822e-01 1.100000000000000006e-01
3.549999999999999822e-01 1.399999999999999856e-01
3.549999999999999822e-01 1.699999999999999845e-01
3.549999999999999822e-01 1.999999999999999833e-01
3.549999999999999822e-01 2.299999999999999822e-01
3.549999999999999822e-01 2.600000000000000089e-01
3.549999999999999822e-01 2.900000000000000355e-01
3.549999999999999822e-01 3.200000000000000067e-01
3.549999999999999822e-01 3.499999999999999778e-01
3.549999999999999822e-01 3.800000000000000044e-01
3.549999999999999822e-01 4.100000000000000311e-01
3.549999999999999822e-01 4.400000000000000022e-01
3.549999999999999822e-01 4.699999999999999734e-01
3.549999999999999822e-01 5.000000000000000000e-01
3.850000000000000089e-01 2.000000000000000042e-02
3.850000000000000089e-01 5.000000000000000278e-02
3.850000000000000089e-01 8.000000000000000167e-02
3.850000000000000089e-01 1.100000000000000006e-01
3.850000000000000089e-01 1.399999999999999856e-01
3.850000000000000089e-01 1.699999999999999845e-01
3.850000000000000089e-01 1.999999999999999833e-01
3.850000000000000089e-01 2.299999999999999822e-01
3.850000000000000089e-01 2.600000000000000089e-01
3.850000000000000089e-01 2.900000000000000355e-01
3.850000000000000089e-01 3.200000000000000067e-01
3.850000000000000089e-01 3.499999999999999778e-01
3.850000000000000089e-01 3.800000000000000044e-01
3.850000000000000089e-01 4.100000000000000311e-01
3.850000000000000089e-01 4.400000000000000022e-01
3.850000000000000089e-01 4.699999999999999734e-01
3.850000000000000089e-01 5.000000000000000000e-01
4.150000000000000355e-01 2.000000000000000042e-02
4.150000000000000355e-01 5.000000000000000278e-02
4.150000000000000355e-01 8.000000000000000167e-02
4.150000000000000355e-01 1.100000000000000006e-01
4.150000000000000355e-01 1.399999999999999856e-01
4.150000000000000355e-01 1.699999999999999845e-01
4.150000000000000355e-01 1.999999999999999833e-01
4.150000000000000355e-01 2.299999999999999822e-01
4.150000000000000355e-01 2.600000000000000089e-01
4.150000000000000355e-01 2.900000000000000355e-01
4.150000000000000355e-01 3.200000000000000067e-01
4.150000000000000355e-01 3.499999999999999778e-01
4.150000000000000355e-01 3.800000000000000044e-01
4.150000000000000355e-01 4.100000000000000311e-01
4.150000000000000355e-01 4.400000000000000022e-01
4.150000000000000355e-01 4.699999999999999734e-01
4.150000000000000355e-01 5.000000000000000000e-01
4.450000000000000067e-01 2.000000000000000042e-02
4.450000000000000067e-01 5.000000000000000278e-02
4.450000000000000067e-01 8.000000000000000167e-02
4.450000000000000067e-01 1.100000000000000006e-01
4.450000000000000067e-01 1.399999999999999856e-01
4.450000000000000067e-01 1.699999999999999845e-01
4.450000000000000067e-01 1.999999999999999833e-01
4.450000000000000067e-01 2.299999999999999822e-01
4.450000000000000067e-01 2.600000000000000089e-01
4.450000000000000067e-01 2.900000000000000355e-01
4.450000000000000067e-01 3.200000000000000067e-01
4.450000000000000067e-01 3.499999999999999778e-01
4.450000000000000067e-01 3.800000000000000044e-01
4.450000000000000067e-01 4.100000000000000311e-01
4.450000000000000067e-01 4.400000000000000022e-01
4.450000000000000067e-01 4.699999999999999734e-01
4.450000000000000067e-01 5.000000000000000000e-01
4.749999999999999778e-01 2.000000000000000042e-02
4.749999999999999778e-01 5.000000000000000278e-02
4.749999999999999778e-01 8.000000000000000167e-02
4.749999999999999778e-01 1.100000000000000006e-01
4.749999999999999778e-01 1.399999999999999856e-01
4.749999999999999778e-01 1.699999999999999845e-01
4.749999999999999778e-01 1.999999999999999833e-01
4.749999999999999778e-01 2.299999999999999822e-01
4.749999999999999778e-01 2.600000000000000089e-01
4.749999999999999778e-01 2.900000000000000355e-01
4.749999999999999778e-01 3.200000000000000067e-01
4.749999999999999778e-01 3.499999999999999778e-01
4.749999999999999778e-01 3.800000000000000044e-01
4.749999999999999778e-01 4.100000000000000311e-01
4.749999999999999778e-01 4.400000000000000022e-01
4.749999999999999778e-01 4.699999999999999734e-01
4.749999999999999778e-01 5.000000000000000000e-01
5.050000000000000044e-01 2.000000000000000042e-02
5.050000000000000044e-01 5.000000000000000278e-02
5.050000000000000044e-01 8.000000000000000167e-02
5.050000000000000044e-01 1.100000000000000006e-01
5.050000000000000044e-01 1.399999999999999856e-01
5.050000000000000044e-01 1.699999999999999845e-01
5.050000000000000044e-01 1.999999999999999833e-01
5.050000000000000044e-01 2.299999999999999822e-01
5.050000000000000044e-01 2.600000000000000089e-01
5.050000000000000044e-01 2.900000000000000355e-01
5.050000000000000044e-01 3.200000000000000067e-01
5.050000000000000044e-01 3.499999999999999778e-01
5.050000000000000044e-01 3.800000000000000044e-01
5.050000000000000044e-01 4.100000000000000311e-01
5.050000000000000044e-01 4.400000000000000022e-01
5.050000000000000044e-01 4.699999999999999734e-01
5.050000000000000044e-01 5.000000000000000000e-01
