67
# x y z
210	150	0
210	163.33333333333	0
210	176.66666666667	0
210	190	0
213.33333333333	150	0
213.33333333333	163.33333333333	0
213.33333333333	176.66666666667	0
213.33333333333	190	0
216.66666666667	150	0
216.66666666667	163.33333333333	0
216.66666666667	176.66666666667	0
216.66666666667	190	0
220	150	0
220	163.33333333333	0
220	176.66666666667	0
220	190	0
223.33333333333	150	0
223.33333333333	163.33333333333	0
223.33333333333	176.66666666667	0
223.33333333333	190	0
226.66666666667	150	0
226.66666666667	163.33333333333	0
226.66666666667	176.66666666667	0
226.66666666667	190	0
230	150	0
230	163.33333333333	0
230	176.66666666667	0
230	190	0
233.33333333333	150	0
233.33333333333	163.33333333333	0
233.33333333333	176.66666666667	0
233.33333333333	190	0
236.66666666667	150	0
236.66666666667	163.33333333333	0
236.66666666667	176.66666666667	0
236.66666666667	190	0
240	150	0
240	163.33333333333	0
240	176.66666666667	0
240	190	0
243.33333333333	150	0
243.33333333333	163.33333333333	0
243.33333333333	176.66666666667	0
243.33333333333	190	0
246.66666666667	150	0
246.66666666667	163.33333333333	0
246.66666666667	176.66666666667	0
246.66666666667	190	0
250	150	0
250	163.33333333333	0
250	176.66666666667	0
250	190	0
253.33333333333	150	0
253.33333333333	163.33333333333	0
253.33333333333	176.66666666667	0
253.33333333333	190	0
256.66666666667	150	0
256.66666666667	163.33333333333	0
256.66666666667	176.66666666667	0
256.66666666667	190	0
260	150	0
260	163.33333333333	0
260	176.66666666667	0
260	190	0
175	175	-2
10	175	0
318.18181818182	175	0
64
# a b m n err i ip iperr k r rhoa u valid 
65	66	1	67	5.00046574890494e-02	0.00000000000000e+00	0.00000000000000e+00	0.00000000000000e+00	4.32594085922052e+02	0.00000000000000e+00	8.96154410958029e+01	0.00000000000000e+00	0
65	66	2	67	5.00037220943998e-02	0.00000000000000e+00	0.00000000000000e+00	0.00000000000000e+00	3.42681057537926e+02	0.00000000000000e+00	8.98096266110700e+01	0.00000000000000e+00	0
65	66	3	67	5.00033851440474e-02	0.00000000000000e+00	0.00000000000000e+00	0.00000000000000e+00	3.18067044377327e+02	0.00000000000000e+00	9.24476970160831e+01	0.00000000000000e+00	0
65	66	4	67	5.00038864886656e-02	0.00000000000000e+00	0.00000000000000e+00	0.00000000000000e+00	3.59028197789286e+02	0.00000000000000e+00	8.42713409364893e+01	0.00000000000000e+00	0
65	66	5	67	5.00050119583321e-02	0.00000000000000e+00	0.00000000000000e+00	0.00000000000000e+00	4.75638864521930e+02	0.00000000000000e+00	9.58815313377921e+01	0.00000000000000e+00	0
65	66	6	67	5.00040745663820e-02	0.00000000000000e+00	0.00000000000000e+00	0.00000000000000e+00	3.86013457971981e+02	0.00000000000000e+00	8.52094437525813e+01	0.00000000000000e+00	0
65	66	7	67	5.00037788100831e-02	0.00000000000000e+00	0.00000000000000e+00	0.00000000000000e+00	3.61715325733466e+02	0.00000000000000e+00	9.30547580453795e+01	0.00000000000000e+00	0
65	66	8	67	5.00042367853979e-02	0.00000000000000e+00	0.00000000000000e+00	0.00000000000000e+00	4.02217726059244e+02	0.00000000000000e+00	9.65354614919115e+01	0.00000000000000e+00	0
65	66	9	67	5.00054339973016e-02	0.00000000000000e+00	0.00000000000000e+00	0.00000000000000e+00	5.22722284696591e+02	0.00000000000000e+00	1.03645108149700e+02	0.00000000000000e+00	0
65	66	10	67	5.00044973997110e-02	0.00000000000000e+00	0.00000000000000e+00	0.00000000000000e+00	4.32819816872898e+02	0.00000000000000e+00	8.96413655109771e+01	0.00000000000000e+00	0
65	66	11	67	5.00042203755297e-02	0.00000000000000e+00	0.00000000000000e+00	0.00000000000000e+00	4.08632468556672e+02	0.00000000000000e+00	1.03724405718094e+02	0.00000000000000e+00	0
65	66	12	67	5.00046537874381e-02	0.00000000000000e+00	0.00000000000000e+00	0.00000000000000e+00	4.49001603725863e+02	0.00000000000000e+00	9.51326287411044e+01	0.00000000000000e+00	0
65	66	13	67	5.00059188093320e-02	0.00000000000000e+00	0.00000000000000e+00	0.00000000000000e+00	5.74124122540317e+02	0.00000000000000e+00	9.42854205136939e+01	0.00000000000000e+00	0
65	66	14	67	5.00049732851237e-02	0.00000000000000e+00	0.00000000000000e+00	0.00000000000000e+00	4.83397011184786e+02	0.00000000000000e+00	1.02965054144150e+02	0.00000000000000e+00	0
65	66	15	67	5.00047073537189e-02	0.00000000000000e+00	0.00000000000000e+00	0.00000000000000e+00	4.59137309664980e+02	0.00000000000000e+00	1.05820314445605e+02	0.00000000000000e+00	0
65	66	16	67	5.00051312877980e-02	0.00000000000000e+00	0.00000000000000e+00	0.00000000000000e+00	4.99667799308154e+02	0.00000000000000e+00	8.91415699938259e+01	0.00000000000000e+00	0
65	66	17	67	5.00064601319459e-02	0.00000000000000e+00	0.00000000000000e+00	0.00000000000000e+00	6.30192224292017e+02	0.00000000000000e+00	9.41385855090547e+01	0.00000000000000e+00	0
65	66	18	67	5.00054988595368e-02	0.00000000000000e+00	0.00000000000000e+00	0.00000000000000e+00	5.38096861308354e+02	0.00000000000000e+00	1.00708720838699e+02	0.00000000000000e+00	0
65	66	19	67	5.00052378314387e-02	0.00000000000000e+00	0.00000000000000e+00	0.00000000000000e+00	5.13594726878277e+02	0.00000000000000e+00	1.02851316225183e+02	0.00000000000000e+00	0
65	66	20	67	5.00056602316951e-02	0.00000000000000e+00	0.00000000000000e+00	0.00000000000000e+00	5.54563213694550e+02	0.00000000000000e+00	9.20110573413739e+01	0.00000000000000e+00	0
65	66	21	67	5.00070627609339e-02	0.00000000000000e+00	0.00000000000000e+00	0.00000000000000e+00	6.91348984543228e+02	0.00000000000000e+00	9.13790923554344e+01	0.00000000000000e+00	0
65	66	22	67	5.00060749999593e-02	0.00000000000000e+00	0.00000000000000e+00	0.00000000000000e+00	5.97332344549273e+02	0.00000000000000e+00	9.83191596771565e+01	0.00000000000000e+00	0
65	66	23	67	5.00058168557883e-02	0.00000000000000e+00	0.00000000000000e+00	0.00000000000000e+00	5.72423746422609e+02	0.00000000000000e+00	9.19384058597795e+01	0.00000000000000e+00	0
65	66	24	67	5.00062391544739e-02	0.00000000000000e+00	0.00000000000000e+00	0.00000000000000e+00	6.14099397179808e+02	0.00000000000000e+00	9.65582721336202e+01	0.00000000000000e+00	0
65	66	25	67	5.00077259514951e-02	0.00000000000000e+00	0.00000000000000e+00	0.00000000000000e+00	7.58100841416530e+02	0.00000000000000e+00	1.04332277409131e+02	0.00000000000000e+00	0
65	66	26	67	5.00067033499359e-02	0.00000000000000e+00	0.00000000000000e+00	0.00000000000000e+00	6.61586539913849e+02	0.00000000000000e+00	9.92904576353632e+01	0.00000000000000e+00	0
65	66	27	67	5.00064423906086e-02	0.00000000000000e+00	0.00000000000000e+00	0.00000000000000e+00	6.36107587237373e+02	0.00000000000000e+00	9.94682838764617e+01	0.00000000000000e+00	0
65	66	28	67	5.00068722043525e-02	0.00000000000000e+00	0.00000000000000e+00	0.00000000000000e+00	6.78761218991384e+02	0.00000000000000e+00	8.51680523764512e+01	0.00000000000000e+00	0
65	66	29	67	5.00084554962147e-02	0.00000000000000e+00	0.00000000000000e+00	0.00000000000000e+00	8.31051288902960e+02	0.00000000000000e+00	9.65311559222474e+01	0.00000000000000e+00	0
65	66	30	67	5.00074029624987e-02	0.00000000000000e+00	0.00000000000000e+00	0.00000000000000e+00	7.31424569016002e+02	0.00000000000000e+00	9.88397363481763e+01	0.00000000000000e+00	0
65	66	31	67	5.00071292494782e-02	0.00000000000000e+00	0.00000000000000e+00	0.00000000000000e+00	7.05206134835076e+02	0.00000000000000e+00	1.06229705591898e+02	0.00000000000000e+00	0
65	66	32	67	5.00075636944057e-02	0.00000000000000e+00	0.00000000000000e+00	0.00000000000000e+00	7.49118737669133e+02	0.00000000000000e+00	9.42984896505398e+01	0.00000000000000e+00	0
65	66	33	67	5.00092582250384e-02	0.00000000000000e+00	0.00000000000000e+00	0.00000000000000e+00	9.10918147355163e+02	0.00000000000000e+00	1.04929425631157e+02	0.00000000000000e+00	0
65	66	34	67	5.00081692130401e-02	0.00000000000000e+00	0.00000000000000e+00	0.00000000000000e+00	8.07509082650962e+02	0.00000000000000e+00	9.39745908196848e+01	0.00000000000000e+00	0
65	66	35	67	5.00078800886531e-02	0.00000000000000e+00	0.00000000000000e+00	0.00000000000000e+00	7.80371516463362e+02	0.00000000000000e+00	1.01366106632997e+02	0.00000000000000e+00	0
65	66	36	67	5.00083268929188e-02	0.00000000000000e+00	0.00000000000000e+00	0.00000000000000e+00	8.25842815120126e+02	0.00000000000000e+00	9.91344070463164e+01	0.00000000000000e+00	0
65	66	37	67	5.00101462701525e-02	0.00000000000000e+00	0.00000000000000e+00	0.00000000000000e+00	9.98556163684383e+02	0.00000000000000e+00	1.00222476398072e+02	0.00000000000000e+00	0
65	66	38	67	5.00090132225363e-02	0.00000000000000e+00	0.00000000000000e+00	0.00000000000000e+00	8.90620153080961e+02	0.00000000000000e+00	1.04339984750903e+02	0.00000000000000e+00	0
65	66	39	67	5.00087036900241e-02	0.00000000000000e+00	0.00000000000000e+00	0.00000000000000e+00	8.62367688580232e+02	0.00000000000000e+00	9.90391274016352e+01	0.00000000000000e+00	0
65	66	40	67	5.00091637604366e-02	0.00000000000000e+00	0.00000000000000e+00	0.00000000000000e+00	9.09725343414344e+02	0.00000000000000e+00	1.01589318402794e+02	0.00000000000000e+00	0
65	66	41	67	5.00111263004150e-02	0.00000000000000e+00	0.00000000000000e+00	0.00000000000000e+00	1.09498646810444e+03	0.00000000000000e+00	1.04631811284376e+02	0.00000000000000e+00	0
65	66	42	67	5.00099412748811e-02	0.00000000000000e+00	0.00000000000000e+00	0.00000000000000e+00	9.81680817631244e+02	0.00000000000000e+00	9.42952665082715e+01	0.00000000000000e+00	0
65	66	43	67	5.00096103112951e-02	0.00000000000000e+00	0.00000000000000e+00	0.00000000000000e+00	9.52095278217040e+02	0.00000000000000e+00	9.39728197302097e+01	0.00000000000000e+00	0
65	66	44	67	5.00100796659502e-02	0.00000000000000e+00	0.00000000000000e+00	0.00000000000000e+00	1.00170535889978e+03	0.00000000000000e+00	1.02210094293481e+02	0.00000000000000e+00	0
65	66	45	67	5.00122099579137e-02	0.00000000000000e+00	0.00000000000000e+00	0.00000000000000e+00	1.20143505409079e+03	0.00000000000000e+00	1.01555664949787e+02	0.00000000000000e+00	0
65	66	46	67	5.00109590496218e-02	0.00000000000000e+00	0.00000000000000e+00	0.00000000000000e+00	1.08179003699174e+03	0.00000000000000e+00	9.99946393943343e+01	0.00000000000000e+00	0
65	66	47	67	5.00106083240190e-02	0.00000000000000e+00	0.00000000000000e+00	0.00000000000000e+00	1.05062338646602e+03	0.00000000000000e+00	1.04947372047482e+02	0.00000000000000e+00	0
65	66	48	67	5.00110992465222e-02	0.00000000000000e+00	0.00000000000000e+00	0.00000000000000e+00	1.10290286157175e+03	0.00000000000000e+00	9.41678039252361e+01	0.00000000000000e+00	0
65	66	49	67	5.00134142836164e-02	0.00000000000000e+00	0.00000000000000e+00	0.00000000000000e+00	1.31938336814128e+03	0.00000000000000e+00	9.90447375152528e+01	0.00000000000000e+00	0
65	66	50	67	5.00120789282006e-02	0.00000000000000e+00	0.00000000000000e+00	0.00000000000000e+00	1.19226555984069e+03	0.00000000000000e+00	9.01628480928936e+01	0.00000000000000e+00	0
65	66	51	67	5.00117077377796e-02	0.00000000000000e+00	0.00000000000000e+00	0.00000000000000e+00	1.15923073284045e+03	0.00000000000000e+00	9.83672392715811e+01	0.00000000000000e+00	0
65	66	52	67	5.00122218557254e-02	0.00000000000000e+00	0.00000000000000e+00	0.00000000000000e+00	1.21466292064330e+03	0.00000000000000e+00	9.28719240154201e+01	0.00000000000000e+00	0
65	66	53	67	5.00147701552919e-02	0.00000000000000e+00	0.00000000000000e+00	0.00000000000000e+00	1.45063544831926e+03	0.00000000000000e+00	8.75481511069160e+01	0.00000000000000e+00	0
65	66	54	67	5.00133322252299e-02	0.00000000000000e+00	0.00000000000000e+00	0.00000000000000e+00	1.31470024103525e+03	0.00000000000000e+00	9.33524662296303e+01	0.00000000000000e+00	0
65	66	55	67	5.00129227509326e-02	0.00000000000000e+00	0.00000000000000e+00	0.00000000000000e+00	1.27945949909201e+03	0.00000000000000e+00	9.88440847944312e+01	0.00000000000000e+00	0
65	66	56	67	5.00134665230277e-02	0.00000000000000e+00	0.00000000000000e+00	0.00000000000000e+00	1.33861375314939e+03	0.00000000000000e+00	1.06693246645792e+02	0.00000000000000e+00	0
65	66	57	67	5.00162824867912e-02	0.00000000000000e+00	0.00000000000000e+00	0.00000000000000e+00	1.59740808235567e+03	0.00000000000000e+00	1.02407497292495e+02	0.00000000000000e+00	0
65	66	58	67	5.00147338578322e-02	0.00000000000000e+00	0.00000000000000e+00	0.00000000000000e+00	1.45103692757331e+03	0.00000000000000e+00	1.01783270186945e+02	0.00000000000000e+00	0
65	66	59	67	5.00142847260071e-02	0.00000000000000e+00	0.00000000000000e+00	0.00000000000000e+00	1.41318668826953e+03	0.00000000000000e+00	1.02380828668513e+02	0.00000000000000e+00	0
65	66	60	67	5.00148625893864e-02	0.00000000000000e+00	0.00000000000000e+00	0.00000000000000e+00	1.47674410543457e+03	0.00000000000000e+00	9.81036042485844e+01	0.00000000000000e+00	0
65	66	61	67	5.00179934930167e-02	0.00000000000000e+00	0.00000000000000e+00	0.00000000000000e+00	1.76245357644056e+03	0.00000000000000e+00	1.00732199832051e+02	0.00000000000000e+00	0
65	66	62	67	5.00163075341055e-02	0.00000000000000e+00	0.00000000000000e+00	0.00000000000000e+00	1.60366940368244e+03	0.00000000000000e+00	9.98363227796615e+01	0.00000000000000e+00	0
65	66	63	67	5.00158174977865e-02	0.00000000000000e+00	0.00000000000000e+00	0.00000000000000e+00	1.56272002314555e+03	0.00000000000000e+00	9.38553626143069e+01	0.00000000000000e+00	0
65	66	64	67	5.00164313916493e-02	0.00000000000000e+00	0.00000000000000e+00	0.00000000000000e+00	1.63150776389022e+03	0.00000000000000e+00	8.70929684556399e+01	0.00000000000000e+00	0
0
