# X Y Z i
284214.50 5036142.40 -30.00 0.000886
284234.50 5036142.40 -30.00 0.000899
284254.50 5036142.40 -30.00 0.000919
284274.50 5036142.40 -30.00 0.000958
284294.50 5036142.40 -30.00 0.001066
284314.50 5036142.40 -30.00 0.001091
284334.50 5036142.40 -30.00 0.001111
284214.50 5036162.40 -30.00 0.000870
284234.50 5036162.40 -30.00 0.000884
284254.50 5036162.40 -30.00 0.000894
284274.50 5036162.40 -30.00 0.000926
284294.50 5036162.40 -30.00 0.001058
284314.50 5036162.40 -30.00 0.001128
284334.50 5036162.40 -30.00 0.001160
284214.50 5036182.40 -30.00 0.000852
284234.50 5036182.40 -30.00 0.000885
284254.50 5036182.40 -30.00 0.000887
284274.50 5036182.40 -30.00 0.000910
284294.50 5036182.40 -30.00 0.001030
284314.50 5036182.40 -30.00 0.001885
284334.50 5036182.40 -30.00 0.000000
284214.50 5036202.40 -30.00 0.000767
284234.50 5036202.40 -30.00 0.000779
284254.50 5036202.40 -30.00 0.000846
284274.50 5036202.40 -30.00 0.000914
284294.50 5036202.40 -30.00 0.000850
284314.50 5036202.40 -30.00 0.002242
284334.50 5036202.40 -30.00 0.004956
284214.50 5036222.40 -30.00 0.000513
284234.50 5036222.40 -30.00 0.000016
284254.50 5036222.40 -30.00 0.000501
284274.50 5036222.40 -30.00 0.000869
284294.50 5036222.40 -30.00 0.002927
284314.50 5036222.40 -30.00 0.002349
284334.50 5036222.40 -30.00 0.026112
284214.50 5036242.40 -30.00 0.000401
284234.50 5036242.40 -30.00 0.000057
284254.50 5036242.40 -30.00 0.000793
284274.50 5036242.40 -30.00 0.000770
284294.50 5036242.40 -30.00 0.001010
284314.50 5036242.40 -30.00 0.004441
284334.50 5036242.40 -30.00 0.019651
284214.50 5036262.40 -30.00 0.000695
284234.50 5036262.40 -30.00 0.000706
284254.50 5036262.40 -30.00 0.000678
284274.50 5036262.40 -30.00 0.000660
284294.50 5036262.40 -30.00 0.000839
284314.50 5036262.40 -30.00 0.002774
284334.50 5036262.40 -30.00 0.000994
284214.50 5036282.40 -30.00 0.000798
284234.50 5036282.40 -30.00 0.000750
284254.50 5036282.40 -30.00 0.000852
284274.50 5036282.40 -30.00 0.000876
284294.50 5036282.40 -30.00 0.000890
284314.50 5036282.40 -30.00 0.000976
284334.50 5036282.40 -30.00 0.001220
284214.50 5036302.40 -30.00 0.000846
284234.50 5036302.40 -30.00 0.000855
284254.50 5036302.40 -30.00 0.000874
284274.50 5036302.40 -30.00 0.000835
284294.50 5036302.40 -30.00 0.000895
284314.50 5036302.40 -30.00 0.000977
284334.50 5036302.40 -30.00 0.001067
284214.50 5036322.40 -30.00 0.000833
284234.50 5036322.40 -30.00 0.000671
284254.50 5036322.40 -30.00 0.000713
284274.50 5036322.40 -30.00 0.000791
284294.50 5036322.40 -30.00 0.000868
284314.50 5036322.40 -30.00 0.000935
284334.50 5036322.40 -30.00 0.000988
284214.50 5036342.40 -30.00 0.000697
284234.50 5036342.40 -30.00 0.000596
284254.50 5036342.40 -30.00 0.000585
284274.50 5036342.40 -30.00 0.000742
284294.50 5036342.40 -30.00 0.000836
284314.50 5036342.40 -30.00 0.000898
284334.50 5036342.40 -30.00 0.000942
284214.50 5036142.40 -26.00 0.000886
284234.50 5036142.40 -26.00 0.000899
284254.50 5036142.40 -26.00 0.000919
284274.50 5036142.40 -26.00 0.000959
284294.50 5036142.40 -26.00 0.001069
284314.50 5036142.40 -26.00 0.001092
284334.50 5036142.40 -26.00 0.001112
284214.50 5036162.40 -26.00 0.000870
284234.50 5036162.40 -26.00 0.000884
284254.50 5036162.40 -26.00 0.000894
284274.50 5036162.40 -26.00 0.000927
284294.50 5036162.40 -26.00 0.001062
284314.50 5036162.40 -26.00 0.001134
284334.50 5036162.40 -26.00 0.001163
284214.50 5036182.40 -26.00 0.000851
284234.50 5036182.40 -26.00 0.000884
284254.50 5036182.40 -26.00 0.000886
284274.50 5036182.40 -26.00 0.000910
284294.50 5036182.40 -26.00 0.001034
284314.50 5036182.40 -26.00 0.001901
284334.50 5036182.40 -26.00 0.000008
284214.50 5036202.40 -26.00 0.000766
284234.50 5036202.40 -26.00 0.000777
284254.50 5036202.40 -26.00 0.000844
284274.50 5036202.40 -26.00 0.000912
284294.50 5036202.40 -26.00 0.000857
284314.50 5036202.40 -26.00 0.002279
284334.50 5036202.40 -26.00 0.005001
284214.50 5036222.40 -26.00 0.000512
284234.50 5036222.40 -26.00 0.000013
284254.50 5036222.40 -26.00 0.000497
284274.50 5036222.40 -26.00 0.000868
284294.50 5036222.40 -26.00 0.002990
284314.50 5036222.40 -26.00 0.002406
284334.50 5036222.40 -26.00 0.026160
284214.50 5036242.40 -26.00 0.000399
284234.50 5036242.40 -26.00 0.000036
284254.50 5036242.40 -26.00 0.000792
284274.50 5036242.40 -26.00 0.000769
284294.50 5036242.40 -26.00 0.001013
284314.50 5036242.40 -26.00 0.004504
284334.50 5036242.40 -26.00 0.019703
284214.50 5036262.40 -26.00 0.000693
284234.50 5036262.40 -26.00 0.000705
284254.50 5036262.40 -26.00 0.000677
284274.50 5036262.40 -26.00 0.000658
284294.50 5036262.40 -26.00 0.000838
284314.50 5036262.40 -26.00 0.002827
284334.50 5036262.40 -26.00 0.001020
284214.50 5036282.40 -26.00 0.000798
284234.50 5036282.40 -26.00 0.000750
284254.50 5036282.40 -26.00 0.000852
284274.50 5036282.40 -26.00 0.000876
284294.50 5036282.40 -26.00 0.000889
284314.50 5036282.40 -26.00 0.000975
284334.50 5036282.40 -26.00 0.001224
284214.50 5036302.40 -26.00 0.000846
284234.50 5036302.40 -26.00 0.000856
284254.50 5036302.40 -26.00 0.000875
284274.50 5036302.40 -26.00 0.000831
284294.50 5036302.40 -26.00 0.000894
284314.50 5036302.40 -26.00 0.000977
284334.50 5036302.40 -26.00 0.001068
284214.50 5036322.40 -26.00 0.000834
284234.50 5036322.40 -26.00 0.000664
284254.50 5036322.40 -26.00 0.000709
284274.50 5036322.40 -26.00 0.000789
284294.50 5036322.40 -26.00 0.000867
284314.50 5036322.40 -26.00 0.000935
284334.50 5036322.40 -26.00 0.000988
284214.50 5036342.40 -26.00 0.000692
284234.50 5036342.40 -26.00 0.000589
284254.50 5036342.40 -26.00 0.000578
284274.50 5036342.40 -26.00 0.000739
284294.50 5036342.40 -26.00 0.000835
284314.50 5036342.40 -26.00 0.000897
284334.50 5036342.40 -26.00 0.000941
284214.50 5036142.40 -22.00 0.000886
284234.50 5036142.40 -22.00 0.000899
284254.50 5036142.40 -22.00 0.000919
284274.50 5036142.40 -22.00 0.000959
284294.50 5036142.40 -22.00 0.001067
284314.50 5036142.40 -22.00 0.001092
284334.50 5036142.40 -22.00 0.001112
284214.50 5036162.40 -22.00 0.000870
284234.50 5036162.40 -22.00 0.000884
284254.50 5036162.40 -22.00 0.000894
284274.50 5036162.40 -22.00 0.000926
284294.50 5036162.40 -22.00 0.001058
284314.50 5036162.40 -22.00 0.001129
284334.50 5036162.40 -22.00 0.001162
284214.50 5036182.40 -22.00 0.000851
284234.50 5036182.40 -22.00 0.000884
284254.50 5036182.40 -22.00 0.000886
284274.50 5036182.40 -22.00 0.000910
284294.50 5036182.40 -22.00 0.001031
284314.50 5036182.40 -22.00 0.001884
284334.50 5036182.40 -22.00 0.000003
284214.50 5036202.40 -22.00 0.000766
284234.50 5036202.40 -22.00 0.000776
284254.50 5036202.40 -22.00 0.000843
284274.50 5036202.40 -22.00 0.000914
284294.50 5036202.40 -22.00 0.000851
284314.50 5036202.40 -22.00 0.002242
284334.50 5036202.40 -22.00 0.004950
284214.50 5036222.40 -22.00 0.000511
284234.50 5036222.40 -22.00 0.000013
284254.50 5036222.40 -22.00 0.000495
284274.50 5036222.40 -22.00 0.000867
284294.50 5036222.40 -22.00 0.002922
284314.50 5036222.40 -22.00 0.002350
284334.50 5036222.40 -22.00 0.026109
284214.50 5036242.40 -22.00 0.000398
284234.50 5036242.40 -22.00 0.000042
284254.50 5036242.40 -22.00 0.000793
284274.50 5036242.40 -22.00 0.000769
284294.50 5036242.40 -22.00 0.001015
284314.50 5036242.40 -22.00 0.004434
284334.50 5036242.40 -22.00 0.019647
284214.50 5036262.40 -22.00 0.000694
284234.50 5036262.40 -22.00 0.000705
284254.50 5036262.40 -22.00 0.000678
284274.50 5036262.40 -22.00 0.000658
284294.50 5036262.40 -22.00 0.000834
284314.50 5036262.40 -22.00 0.002778
284334.50 5036262.40 -22.00 0.000999
284214.50 5036282.40 -22.00 0.000799
284234.50 5036282.40 -22.00 0.000747
284254.50 5036282.40 -22.00 0.000852
284274.50 5036282.40 -22.00 0.000877
284294.50 5036282.40 -22.00 0.000889
284314.50 5036282.40 -22.00 0.000977
284334.50 5036282.40 -22.00 0.001223
284214.50 5036302.40 -22.00 0.000846
284234.50 5036302.40 -22.00 0.000856
284254.50 5036302.40 -22.00 0.000875
284274.50 5036302.40 -22.00 0.000830
284294.50 5036302.40 -22.00 0.000894
284314.50 5036302.40 -22.00 0.000977
284334.50 5036302.40 -22.00 0.001068
284214.50 5036322.40 -22.00 0.000834
284234.50 5036322.40 -22.00 0.000661
284254.50 5036322.40 -22.00 0.000708
284274.50 5036322.40 -22.00 0.000789
284294.50 5036322.40 -22.00 0.000867
284314.50 5036322.40 -22.00 0.000935
284334.50 5036322.40 -22.00 0.000988
284214.50 5036342.40 -22.00 0.000690
284234.50 5036342.40 -22.00 0.000588
284254.50 5036342.40 -22.00 0.000577
284274.50 5036342.40 -22.00 0.000738
284294.50 5036342.40 -22.00 0.000834
284314.50 5036342.40 -22.00 0.000897
284334.50 5036342.40 -22.00 0.000941
284214.50 5036142.40 -18.00 0.000886
284234.50 5036142.40 -18.00 0.000899
284254.50 5036142.40 -18.00 0.000919
284274.50 5036142.40 -18.00 0.000961
284294.50 5036142.40 -18.00 0.001081
284314.50 5036142.40 -18.00 0.001099
284334.50 5036142.40 -18.00 0.001115
284214.50 5036162.40 -18.00 0.000869
284234.50 5036162.40 -18.00 0.000883
284254.50 5036162.40 -18.00 0.000894
284274.50 5036162.40 -18.00 0.000931
284294.50 5036162.40 -18.00 0.001082
284314.50 5036162.40 -18.00 0.001153
284334.50 5036162.40 -18.00 0.001170
284214.50 5036182.40 -18.00 0.000849
284234.50 5036182.40 -18.00 0.000881
284254.50 5036182.40 -18.00 0.000884
284274.50 5036182.40 -18.00 0.000911
284294.50 5036182.40 -18.00 0.001052
284314.50 5036182.40 -18.00 0.001963
284334.50 5036182.40 -18.00 0.000038
284214.50 5036202.40 -18.00 0.000762
284234.50 5036202.40 -18.00 0.000771
284254.50 5036202.40 -18.00 0.000837
284274.50 5036202.40 -18.00 0.000906
284294.50 5036202.40 -18.00 0.000887
284314.50 5036202.40 -18.00 0.002409
284334.50 5036202.40 -18.00 0.005155
284214.50 5036222.40 -18.00 0.000507
284234.50 5036222.40 -18.00 0.000008
284254.50 5036222.40 -18.00 0.000485
284274.50 5036222.40 -18.00 0.000865
284294.50 5036222.40 -18.00 0.003199
284314.50 5036222.40 -18.00 0.002592
284334.50 5036222.40 -18.00 0.026333
284214.50 5036242.40 -18.00 0.000395
284234.50 5036242.40 -18.00 0.000030
284254.50 5036242.40 -18.00 0.000789
284274.50 5036242.40 -18.00 0.000766
284294.50 5036242.40 -18.00 0.001012
284314.50 5036242.40 -18.00 0.004708
284334.50 5036242.40 -18.00 0.019885
284214.50 5036262.40 -18.00 0.000691
284234.50 5036262.40 -18.00 0.000703
284254.50 5036262.40 -18.00 0.000676
284274.50 5036262.40 -18.00 0.000655
284294.50 5036262.40 -18.00 0.000828
284314.50 5036262.40 -18.00 0.002983
284334.50 5036262.40 -18.00 0.001106
284214.50 5036282.40 -18.00 0.000796
284234.50 5036282.40 -18.00 0.000746
284254.50 5036282.40 -18.00 0.000850
284274.50 5036282.40 -18.00 0.000877
284294.50 5036282.40 -18.00 0.000889
284314.50 5036282.40 -18.00 0.000976
284334.50 5036282.40 -18.00 0.001233
284214.50 5036302.40 -18.00 0.000846
284234.50 5036302.40 -18.00 0.000857
284254.50 5036302.40 -18.00 0.000876
284274.50 5036302.40 -18.00 0.000830
284294.50 5036302.40 -18.00 0.000892
284314.50 5036302.40 -18.00 0.000977
284334.50 5036302.40 -18.00 0.001070
284214.50 5036322.40 -18.00 0.000836
284234.50 5036322.40 -18.00 0.000652
284254.50 5036322.40 -18.00 0.000699
284274.50 5036322.40 -18.00 0.000784
284294.50 5036322.40 -18.00 0.000865
284314.50 5036322.40 -18.00 0.000934
284334.50 5036322.40 -18.00 0.000988
284214.50 5036342.40 -18.00 0.000682
284234.50 5036342.40 -18.00 0.000566
284254.50 5036342.40 -18.00 0.000550
284274.50 5036342.40 -18.00 0.000731
284294.50 5036342.40 -18.00 0.000832
284314.50 5036342.40 -18.00 0.000896
284334.50 5036342.40 -18.00 0.000941
284214.50 5036142.40 -14.00 0.000886
284234.50 5036142.40 -14.00 0.000899
284254.50 5036142.40 -14.00 0.000919
284274.50 5036142.40 -14.00 0.000961
284294.50 5036142.40 -14.00 0.001081
284314.50 5036142.40 -14.00 0.001099
284334.50 5036142.40 -14.00 0.001115
284214.50 5036162.40 -14.00 0.000869
284234.50 5036162.40 -14.00 0.000883
284254.50 5036162.40 -14.00 0.000894
284274.50 5036162.40 -14.00 0.000931
284294.50 5036162.40 -14.00 0.001081
284314.50 5036162.40 -14.00 0.001153
284334.50 5036162.40 -14.00 0.001171
284214.50 5036182.40 -14.00 0.000848
284234.50 5036182.40 -14.00 0.000881
284254.50 5036182.40 -14.00 0.000884
284274.50 5036182.40 -14.00 0.000912
284294.50 5036182.40 -14.00 0.001052
284314.50 5036182.40 -14.00 0.001956
284334.50 5036182.40 -14.00 0.000038
284214.50 5036202.40 -14.00 0.000761
284234.50 5036202.40 -14.00 0.000769
284254.50 5036202.40 -14.00 0.000836
284274.50 5036202.40 -14.00 0.000906
284294.50 5036202.40 -14.00 0.000885
284314.50 5036202.40 -14.00 0.002394
284334.50 5036202.40 -14.00 0.005130
284214.50 5036222.40 -14.00 0.000506
284234.50 5036222.40 -14.00 0.000007
284254.50 5036222.40 -14.00 0.000480
284274.50 5036222.40 -14.00 0.000864
284294.50 5036222.40 -14.00 0.003161
284314.50 5036222.40 -14.00 0.002564
284334.50 5036222.40 -14.00 0.026311
284214.50 5036242.40 -14.00 0.000393
284234.50 5036242.40 -14.00 0.000036
284254.50 5036242.40 -14.00 0.000788
284274.50 5036242.40 -14.00 0.000765
284294.50 5036242.40 -14.00 0.001020
284314.50 5036242.40 -14.00 0.004667
284334.50 5036242.40 -14.00 0.019858
284214.50 5036262.40 -14.00 0.000690
284234.50 5036262.40 -14.00 0.000703
284254.50 5036262.40 -14.00 0.000675
284274.50 5036262.40 -14.00 0.000654
284294.50 5036262.40 -14.00 0.000824
284314.50 5036262.40 -14.00 0.002963
284334.50 5036262.40 -14.00 0.001099
284214.50 5036282.40 -14.00 0.000797
284234.50 5036282.40 -14.00 0.000746
284254.50 5036282.40 -14.00 0.000850
284274.50 5036282.40 -14.00 0.000877
284294.50 5036282.40 -14.00 0.000889
284314.50 5036282.40 -14.00 0.000974
284334.50 5036282.40 -14.00 0.001233
284214.50 5036302.40 -14.00 0.000847
284234.50 5036302.40 -14.00 0.000858
284254.50 5036302.40 -14.00 0.000877
284274.50 5036302.40 -14.00 0.000827
284294.50 5036302.40 -14.00 0.000892
284314.50 5036302.40 -14.00 0.000977
284334.50 5036302.40 -14.00 0.001070
284214.50 5036322.40 -14.00 0.000836
284234.50 5036322.40 -14.00 0.000649
284254.50 5036322.40 -14.00 0.000696
284274.50 5036322.40 -14.00 0.000783
284294.50 5036322.40 -14.00 0.000865
284314.50 5036322.40 -14.00 0.000934
284334.50 5036322.40 -14.00 0.000988
284214.50 5036342.40 -14.00 0.000681
284234.50 5036342.40 -14.00 0.000560
284254.50 5036342.40 -14.00 0.000543
284274.50 5036342.40 -14.00 0.000729
284294.50 5036342.40 -14.00 0.000831
284314.50 5036342.40 -14.00 0.000896
284334.50 5036342.40 -14.00 0.000941
284214.50 5036142.40 -10.00 0.000885
284234.50 5036142.40 -10.00 0.000899
284254.50 5036142.40 -10.00 0.000919
284274.50 5036142.40 -10.00 0.000963
284294.50 5036142.40 -10.00 0.001096
284314.50 5036142.40 -10.00 0.001107
284334.50 5036142.40 -10.00 0.001118
284214.50 5036162.40 -10.00 0.000868
284234.50 5036162.40 -10.00 0.000882
284254.50 5036162.40 -10.00 0.000894
284274.50 5036162.40 -10.00 0.000936
284294.50 5036162.40 -10.00 0.001105
284314.50 5036162.40 -10.00 0.001177
284334.50 5036162.40 -10.00 0.001179
284214.50 5036182.40 -10.00 0.000847
284234.50 5036182.40 -10.00 0.000878
284254.50 5036182.40 -10.00 0.000882
284274.50 5036182.40 -10.00 0.000913
284294.50 5036182.40 -10.00 0.001073
284314.50 5036182.40 -10.00 0.002035
284334.50 5036182.40 -10.00 0.000072
284214.50 5036202.40 -10.00 0.000757
284234.50 5036202.40 -10.00 0.000763
284254.50 5036202.40 -10.00 0.000830
284274.50 5036202.40 -10.00 0.000899
284294.50 5036202.40 -10.00 0.000923
284314.50 5036202.40 -10.00 0.002560
284334.50 5036202.40 -10.00 0.005333
284214.50 5036222.40 -10.00 0.000502
284234.50 5036222.40 -10.00 0.000002
284254.50 5036222.40 -10.00 0.000470
284274.50 5036222.40 -10.00 0.000862
284294.50 5036222.40 -10.00 0.003430
284314.50 5036222.40 -10.00 0.002802
284334.50 5036222.40 -10.00 0.026536
284214.50 5036242.40 -10.00 0.000390
284234.50 5036242.40 -10.00 0.000026
284254.50 5036242.40 -10.00 0.000785
284274.50 5036242.40 -10.00 0.000762
284294.50 5036242.40 -10.00 0.001017
284314.50 5036242.40 -10.00 0.004936
284334.50 5036242.40 -10.00 0.020096
284214.50 5036262.40 -10.00 0.000688
284234.50 5036262.40 -10.00 0.000701
284254.50 5036262.40 -10.00 0.000673
284274.50 5036262.40 -10.00 0.000652
284294.50 5036262.40 -10.00 0.000818
284314.50 5036262.40 -10.00 0.003163
284334.50 5036262.40 -10.00 0.001205
284214.50 5036282.40 -10.00 0.000792
284234.50 5036282.40 -10.00 0.000745
284254.50 5036282.40 -10.00 0.000849
284274.50 5036282.40 -10.00 0.000877
284294.50 5036282.40 -10.00 0.000888
284314.50 5036282.40 -10.00 0.000975
284334.50 5036282.40 -10.00 0.001243
284214.50 5036302.40 -10.00 0.000847
284234.50 5036302.40 -10.00 0.000859
284254.50 5036302.40 -10.00 0.000878
284274.50 5036302.40 -10.00 0.000825
284294.50 5036302.40 -10.00 0.000890
284314.50 5036302.40 -10.00 0.000978
284334.50 5036302.40 -10.00 0.001072
284214.50 5036322.40 -10.00 0.000837
284234.50 5036322.40 -10.00 0.000637
284254.50 5036322.40 -10.00 0.000688
284274.50 5036322.40 -10.00 0.000779
284294.50 5036322.40 -10.00 0.000863
284314.50 5036322.40 -10.00 0.000934
284334.50 5036322.40 -10.00 0.000989
284214.50 5036342.40 -10.00 0.000673
284234.50 5036342.40 -10.00 0.000539
284254.50 5036342.40 -10.00 0.000515
284274.50 5036342.40 -10.00 0.000722
284294.50 5036342.40 -10.00 0.000829
284314.50 5036342.40 -10.00 0.000895
284334.50 5036342.40 -10.00 0.000941
284214.50 5036142.40 -6.00 0.000886
284234.50 5036142.40 -6.00 0.000899
284254.50 5036142.40 -6.00 0.000919
284274.50 5036142.40 -6.00 0.000963
284294.50 5036142.40 -6.00 0.001095
284314.50 5036142.40 -6.00 0.001106
284334.50 5036142.40 -6.00 0.001118
284214.50 5036162.40 -6.00 0.000868
284234.50 5036162.40 -6.00 0.000882
284254.50 5036162.40 -6.00 0.000894
284274.50 5036162.40 -6.00 0.000936
284294.50 5036162.40 -6.00 0.001102
284314.50 5036162.40 -6.00 0.001173
284334.50 5036162.40 -6.00 0.001178
284214.50 5036182.40 -6.00 0.000847
284234.50 5036182.40 -6.00 0.000878
284254.50 5036182.40 -6.00 0.000882
284274.50 5036182.40 -6.00 0.000913
284294.50 5036182.40 -6.00 0.001071
284314.50 5036182.40 -6.00 0.002020
284334.50 5036182.40 -6.00 0.000067
284214.50 5036202.40 -6.00 0.000757
284234.50 5036202.40 -6.00 0.000762
284254.50 5036202.40 -6.00 0.000829
284274.50 5036202.40 -6.00 0.000900
284294.50 5036202.40 -6.00 0.000916
284314.50 5036202.40 -6.00 0.002521
284334.50 5036202.40 -6.00 0.005282
284214.50 5036222.40 -6.00 0.000501
284234.50 5036222.40 -6.00 0.000002
284254.50 5036222.40 -6.00 0.000465
284274.50 5036222.40 -6.00 0.000863
284294.50 5036222.40 -6.00 0.003363
284314.50 5036222.40 -6.00 0.002745
284334.50 5036222.40 -6.00 0.026491
284214.50 5036242.40 -6.00 0.000390
284234.50 5036242.40 -6.00 0.000010
284254.50 5036242.40 -6.00 0.000785
284274.50 5036242.40 -6.00 0.000762
284294.50 5036242.40 -6.00 0.001023
284314.50 5036242.40 -6.00 0.004869
284334.50 5036242.40 -6.00 0.020046
284214.50 5036262.40 -6.00 0.000688
284234.50 5036262.40 -6.00 0.000701
284254.50 5036262.40 -6.00 0.000673
284274.50 5036262.40 -6.00 0.000652
284294.50 5036262.40 -6.00 0.000820
284314.50 5036262.40 -6.00 0.003117
284334.50 5036262.40 -6.00 0.001183
284214.50 5036282.40 -6.00 0.000792
284234.50 5036282.40 -6.00 0.000745
284254.50 5036282.40 -6.00 0.000845
284274.50 5036282.40 -6.00 0.000877
284294.50 5036282.40 -6.00 0.000888
284314.50 5036282.40 -6.00 0.000972
284334.50 5036282.40 -6.00 0.001242
284214.50 5036302.40 -6.00 0.000847
284234.50 5036302.40 -6.00 0.000858
284254.50 5036302.40 -6.00 0.000878
284274.50 5036302.40 -6.00 0.000825
284294.50 5036302.40 -6.00 0.000890
284314.50 5036302.40 -6.00 0.000978
284334.50 5036302.40 -6.00 0.001071
284214.50 5036322.40 -6.00 0.000837
284234.50 5036322.40 -6.00 0.000640
284254.50 5036322.40 -6.00 0.000688
284274.50 5036322.40 -6.00 0.000779
284294.50 5036322.40 -6.00 0.000863
284314.50 5036322.40 -6.00 0.000934
284334.50 5036322.40 -6.00 0.000989
284214.50 5036342.40 -6.00 0.000673
284234.50 5036342.40 -6.00 0.000536
284254.50 5036342.40 -6.00 0.000510
284274.50 5036342.40 -6.00 0.000722
284294.50 5036342.40 -6.00 0.000829
284314.50 5036342.40 -6.00 0.000896
284334.50 5036342.40 -6.00 0.000941
284214.50 5036142.40 -2.00 0.000885
284234.50 5036142.40 -2.00 0.000899
284254.50 5036142.40 -2.00 0.000920
284274.50 5036142.40 -2.00 0.000964
284294.50 5036142.40 -2.00 0.001100
284314.50 5036142.40 -2.00 0.001107
284334.50 5036142.40 -2.00 0.001118
284214.50 5036162.40 -2.00 0.000868
284234.50 5036162.40 -2.00 0.000882
284254.50 5036162.40 -2.00 0.000894
284274.50 5036162.40 -2.00 0.000938
284294.50 5036162.40 -2.00 0.001110
284314.50 5036162.40 -2.00 0.001180
284334.50 5036162.40 -2.00 0.001179
284214.50 5036182.40 -2.00 0.000846
284234.50 5036182.40 -2.00 0.000878
284254.50 5036182.40 -2.00 0.000882
284274.50 5036182.40 -2.00 0.000915
284294.50 5036182.40 -2.00 0.001078
284314.50 5036182.40 -2.00 0.002040
284334.50 5036182.40 -2.00 0.000074
284214.50 5036202.40 -2.00 0.000755
284234.50 5036202.40 -2.00 0.000760
284254.50 5036202.40 -2.00 0.000828
284274.50 5036202.40 -2.00 0.000899
284294.50 5036202.40 -2.00 0.000933
284314.50 5036202.40 -2.00 0.002556
284334.50 5036202.40 -2.00 0.005332
284214.50 5036222.40 -2.00 0.000500
284234.50 5036222.40 -2.00 0.000000
284254.50 5036222.40 -2.00 0.000459
284274.50 5036222.40 -2.00 0.000862
284294.50 5036222.40 -2.00 0.003417
284314.50 5036222.40 -2.00 0.002789
284334.50 5036222.40 -2.00 0.026547
284214.50 5036242.40 -2.00 0.000389
284234.50 5036242.40 -2.00 0.000008
284254.50 5036242.40 -2.00 0.000784
284274.50 5036242.40 -2.00 0.000762
284294.50 5036242.40 -2.00 0.001018
284314.50 5036242.40 -2.00 0.004922
284334.50 5036242.40 -2.00 0.020106
284214.50 5036262.40 -2.00 0.000688
284234.50 5036262.40 -2.00 0.000701
284254.50 5036262.40 -2.00 0.000673
284274.50 5036262.40 -2.00 0.000652
284294.50 5036262.40 -2.00 0.000819
284314.50 5036262.40 -2.00 0.003156
284334.50 5036262.40 -2.00 0.001204
284214.50 5036282.40 -2.00 0.000792
284234.50 5036282.40 -2.00 0.000745
284254.50 5036282.40 -2.00 0.000845
284274.50 5036282.40 -2.00 0.000877
284294.50 5036282.40 -2.00 0.000888
284314.50 5036282.40 -2.00 0.000975
284334.50 5036282.40 -2.00 0.001243
284214.50 5036302.40 -2.00 0.000847
284234.50 5036302.40 -2.00 0.000859
284254.50 5036302.40 -2.00 0.000878
284274.50 5036302.40 -2.00 0.000825
284294.50 5036302.40 -2.00 0.000890
284314.50 5036302.40 -2.00 0.000978
284334.50 5036302.40 -2.00 0.001072
284214.50 5036322.40 -2.00 0.000838
284234.50 5036322.40 -2.00 0.000637
284254.50 5036322.40 -2.00 0.000686
284274.50 5036322.40 -2.00 0.000778
284294.50 5036322.40 -2.00 0.000863
284314.50 5036322.40 -2.00 0.000934
284334.50 5036322.40 -2.00 0.000989
284214.50 5036342.40 -2.00 0.000671
284234.50 5036342.40 -2.00 0.000530
284254.50 5036342.40 -2.00 0.000503
284274.50 5036342.40 -2.00 0.000721
284294.50 5036342.40 -2.00 0.000829
284314.50 5036342.40 -2.00 0.000895
284334.50 5036342.40 -2.00 0.000941
