0.010604
0.003853
0.005328
0.007138
0.008858
-0.010569
-0.012290
0.010547
0.008577
0.006505
0.004839
0.011681
0.018659
0.006148
0.008316
0.010580
0.012847
-0.014714
-0.017972
-0.015986
0.013558
0.008396
0.035184
0.038035
0.011492
0.014333
0.017411
-0.020186
-0.022344
-0.028335
-0.025926
-0.022566
0.015503
0.034294
0.053124
0.036398
0.018730
0.010033
0.006507
0.004900
0.002290
0.003187
0.004378
0.006016
0.008155
0.011237
0.015536
0.019698
-0.024258
-0.029300
-0.033867
-0.036912
-0.050320
-0.045558
-0.038190
-0.030775
-0.024166
0.018719
0.014032
0.010594
0.007950
0.005992
0.004639
0.003681
0.005337
0.006501
0.010335
0.017244
-0.022435
-0.029171
-0.038058
-0.049888
-0.064215
-0.074898
-0.137528
-0.095702
-0.063608
-0.045155
-0.033707
-0.025840
-0.020154
-0.015883
0.012633
0.010213
0.008413
0.007053
-0.008638
-0.010147
-0.012163
-0.014737
-0.018042
-0.022422
-0.028352
-0.036707
-0.049609
-0.072972
-0.129838
-0.528930
0.005311
0.008096
0.017198
0.026570
0.041588
0.040345
0.037429
0.030340
0.023491
0.019697
0.002681
0.003769
0.005203
0.007313
0.009601
0.013213
0.017954
0.017930
0.013473
0.010022
0.007249
0.005489
0.004277
