2.274983095184970239e+01
1.075739235273282191e+01
1.022351595414077963e+01
1.202517946690849371e+01
1.225019400138427450e+01
1.427427564911297964e+01
5.282729442758622440e-01
1.845472595933220816e+01
1.229026948491119242e+01
1.163749962991752085e+01
9.695633576412049592e+00
1.486955419820884217e+01
1.277672659050819881e+01
9.305821652272479483e+00
1.502867072411026328e+01
1.031339803112334153e+01
1.216259788877546200e+01
1.317197901303910967e+01
1.393090000430879272e+01
1.553630471470278707e+01
8.045386077719530959e+00
1.346927101850770292e+01
1.329091173111446977e+01
1.345105532133241155e+01
1.496502009974077829e+01
1.693575433879207282e+01
1.720031402641043172e+01
8.790034115716238716e+00
1.763584269866705867e+01
1.472040285502015422e+01
1.577999746779432044e+01
1.701820180454897624e+01
1.938036970270338699e+01
2.517320519857850059e+01
1.136492091240864610e+01
1.543657283621934440e+01
1.689032612632896502e+01
1.784298929183408688e+01
2.140229435335019303e+01
2.422374913559207954e+01
3.618599966824052672e+01
1.538538905189821193e+01
1.548888393383653295e+01
1.828341036844804890e+01
2.381435150448985638e+01
2.487501420866092516e+01
3.097864863379142264e+01
4.794622675203800100e+01
1.293900664125124322e+01
1.960637500716293502e+01
2.186872941681774307e+01
2.400266090011055553e+01
2.611637533456325500e+01
3.804982951696815263e+01
1.631455567550081298e+01
1.338863159059803820e+01
1.213716410574689064e+01
1.486444502350941832e+01
1.318149007778009718e+01
1.653129913242332449e+01
1.487981256559817211e+01
1.460160134281223065e+01
1.352872189631194999e+01
1.246375109050951124e+01
1.660815698655543571e+01
1.631767592104159448e+01
1.387813283696076283e+01
8.068607625497953961e+00
1.209653384215486938e+01
1.209769987467572605e+01
1.403171461250357410e+01
1.505432559254485625e+01
1.670288459652878998e+01
2.006786016241052550e+01
9.091488701359949687e+00
1.012273220361822013e+01
1.454995653350673734e+01
1.489795046365077624e+01
1.692734769546257212e+01
1.867298441532051356e+01
2.593183750145617950e+01
2.965335345825328162e+01
1.113717878956364515e+01
1.724514848949898038e+01
1.780861559232879188e+01
2.099321259682611540e+01
3.048156981093383422e+01
2.710995720962579369e+01
3.521091742910991940e+01
1.924138457232541910e+01
2.308242662613767848e+01
2.163838733971707029e+01
2.745195971740997720e+01
3.969585305365120576e+01
2.962381511747463492e+01
2.906760554754306725e+01
1.920620790499812003e+01
2.928648500582409397e+01
2.517614603112169291e+01
3.351486813551473176e+01
4.465978831255630865e+01
3.830378982500084817e+01
2.556364659154570518e+01
2.400588553079366250e+01
3.067004921787205873e+01
3.302979401744777022e+01
4.299479667920380166e+01
5.454689060700947323e+01
2.065323406081085622e+01
1.975776894701960984e+01
2.392077856990057683e+01
1.848142537258355844e+01
2.239410584677652238e+01
2.898631338285272818e+01
1.463725921275874953e+01
2.251984072660698999e+01
2.474164755346136957e+01
3.369356784077380240e+01
1.532896177989840680e+01
1.902379868176731392e+01
2.233625215884334025e+01
3.025692835274921322e+01
3.544647426416060654e+01
1.792331842653318219e+01
1.813365293263033351e+01
1.984751341251011070e+01
2.457176454909371088e+01
3.653437802991511063e+01
4.687762166050092105e+01
1.971740835991444385e+01
1.749858040431148964e+01
2.158169369417796091e+01
2.976395444577322991e+01
4.543823796466401177e+01
2.035581726669330749e+01
1.576524657871000556e+01
1.974173752408614035e+01
2.454934311963685900e+01
3.594890820860945979e+01
6.516639462744237221e+01
1.394384447794548976e+01
1.577282595906815743e+01
2.263548819547150259e+01
2.893237570863679053e+01
4.919875984977550587e+01
1.480410569316932623e+01
1.722899559129313829e+01
2.786716889164438982e+01
3.533268093636387164e+01
1.636053255512140225e+01
2.273366609453607268e+01
3.262255468129619373e+01
2.117738192509275308e+01
2.520003211853802583e+01
2.443456043263925537e+01
-2.905651724795930591e+01
2.133416121354161277e+01
-1.864468107795850216e+01
2.321805194360454294e+01
-2.924209410455059555e+00
-1.322554147714158645e+01
2.394069449225351320e+01
4.414881442917382159e+00
-5.708334107089736875e+00
-1.076674387079989259e+01
4.786464787706996304e+01
3.691952471945285197e+00
-2.460683070576617837e+00
-6.625907294690026816e+00
-7.505785971238708498e+00
7.844887577637896570e+00
6.864586012296836515e+00
1.270098141003494163e+00
-2.917800525391928801e+00
-5.339309653551906010e+00
-7.738898274052667503e+00
-2.152218387996285287e-02
-1.472841180471270661e+00
5.447494815200677465e-01
1.149914712974526410e+00
3.856979508427356151e+00
-5.140515636566735935e-01
1.845556970381689865e-02
-5.762999318346299304e+00
-2.721693641581772738e+00
3.602334236364526987e+00
5.117926246619251884e+00
4.234070223962479673e+00
7.004518064197270633e+00
-5.470343638414384202e+00
-6.012034307895657292e+00
6.548830236063604815e+00
5.026849787259472180e+00
1.220885155671494005e+01
-5.916785918086027607e+00
-2.390689763807284152e+00
5.647839571645334900e+00
9.426312130335734452e+00
-8.011007934665769881e+00
4.920554639816643316e+00
1.123149165549229878e+01
-1.272364875351499336e+00
1.285363109292381267e+01
1.374891089326314386e+01
1.000045615514569363e+04
0.000000000000000000e+00
0.000000000000000000e+00
0.000000000000000000e+00
0.000000000000000000e+00
0.000000000000000000e+00
0.000000000000000000e+00
0.000000000000000000e+00
0.000000000000000000e+00
0.000000000000000000e+00
0.000000000000000000e+00
0.000000000000000000e+00
0.000000000000000000e+00
0.000000000000000000e+00
0.000000000000000000e+00
0.000000000000000000e+00
0.000000000000000000e+00
0.000000000000000000e+00
0.000000000000000000e+00
0.000000000000000000e+00
0.000000000000000000e+00
0.000000000000000000e+00
0.000000000000000000e+00
0.000000000000000000e+00
0.000000000000000000e+00
0.000000000000000000e+00
0.000000000000000000e+00
0.000000000000000000e+00
0.000000000000000000e+00
0.000000000000000000e+00
0.000000000000000000e+00
0.000000000000000000e+00
0.000000000000000000e+00
0.000000000000000000e+00
0.000000000000000000e+00
0.000000000000000000e+00
0.000000000000000000e+00
0.000000000000000000e+00
0.000000000000000000e+00
0.000000000000000000e+00
0.000000000000000000e+00
0.000000000000000000e+00
0.000000000000000000e+00
0.000000000000000000e+00
0.000000000000000000e+00
0.000000000000000000e+00
0.000000000000000000e+00
0.000000000000000000e+00
0.000000000000000000e+00
0.000000000000000000e+00
0.000000000000000000e+00
0.000000000000000000e+00
0.000000000000000000e+00
0.000000000000000000e+00
0.000000000000000000e+00
0.000000000000000000e+00
0.000000000000000000e+00
0.000000000000000000e+00
0.000000000000000000e+00
0.000000000000000000e+00
0.000000000000000000e+00
0.000000000000000000e+00
0.000000000000000000e+00
0.000000000000000000e+00
0.000000000000000000e+00
0.000000000000000000e+00
0.000000000000000000e+00
0.000000000000000000e+00
0.000000000000000000e+00
0.000000000000000000e+00
0.000000000000000000e+00
0.000000000000000000e+00
0.000000000000000000e+00
0.000000000000000000e+00
0.000000000000000000e+00
0.000000000000000000e+00
0.000000000000000000e+00
0.000000000000000000e+00
0.000000000000000000e+00
0.000000000000000000e+00
0.000000000000000000e+00
0.000000000000000000e+00
0.000000000000000000e+00
0.000000000000000000e+00
0.000000000000000000e+00
0.000000000000000000e+00
0.000000000000000000e+00
0.000000000000000000e+00
0.000000000000000000e+00
0.000000000000000000e+00
3.552713678800500929e-15
0.000000000000000000e+00
7.105427357601001859e-15
0.000000000000000000e+00
3.552713678800500929e-15
0.000000000000000000e+00
0.000000000000000000e+00
0.000000000000000000e+00
0.000000000000000000e+00
0.000000000000000000e+00
0.000000000000000000e+00
0.000000000000000000e+00
0.000000000000000000e+00
0.000000000000000000e+00
0.000000000000000000e+00
0.000000000000000000e+00
0.000000000000000000e+00
0.000000000000000000e+00
0.000000000000000000e+00
0.000000000000000000e+00
0.000000000000000000e+00
0.000000000000000000e+00
0.000000000000000000e+00
0.000000000000000000e+00
0.000000000000000000e+00
0.000000000000000000e+00
0.000000000000000000e+00
0.000000000000000000e+00
0.000000000000000000e+00
0.000000000000000000e+00
0.000000000000000000e+00
3.552713678800500929e-15
4.858412663717817992e+00
7.105427357601001859e-15
1.202120639920897283e+01
-7.105427357601001859e-15
1.065814103640150279e-14
0.000000000000000000e+00
0.000000000000000000e+00
0.000000000000000000e+00
0.000000000000000000e+00
0.000000000000000000e+00
0.000000000000000000e+00
0.000000000000000000e+00
0.000000000000000000e+00
0.000000000000000000e+00
0.000000000000000000e+00
0.000000000000000000e+00
0.000000000000000000e+00
0.000000000000000000e+00
0.000000000000000000e+00
0.000000000000000000e+00
0.000000000000000000e+00
0.000000000000000000e+00
0.000000000000000000e+00
0.000000000000000000e+00
0.000000000000000000e+00
0.000000000000000000e+00
0.000000000000000000e+00
0.000000000000000000e+00
0.000000000000000000e+00
0.000000000000000000e+00
0.000000000000000000e+00
4.858412663717817992e+00
3.882618671013915446e-10
7.162793735491156610e+00
-4.651841615761696858e+00
-1.202120639920895684e+01
-1.202120639920896394e+01
-1.421085471520200372e-14
-1.776356839400250465e-14
-3.552713678800500929e-15
-3.552713678800500929e-15
0.000000000000000000e+00
0.000000000000000000e+00
0.000000000000000000e+00
0.000000000000000000e+00
0.000000000000000000e+00
0.000000000000000000e+00
0.000000000000000000e+00
0.000000000000000000e+00
0.000000000000000000e+00
0.000000000000000000e+00
0.000000000000000000e+00
0.000000000000000000e+00
0.000000000000000000e+00
0.000000000000000000e+00
0.000000000000000000e+00
0.000000000000000000e+00
0.000000000000000000e+00
0.000000000000000000e+00
0.000000000000000000e+00
0.000000000000000000e+00
0.000000000000000000e+00
0.000000000000000000e+00
3.882618671013915446e-10
3.907985046680551022e-14
2.065710475678592672e-01
-3.880984422721667215e-10
-2.065710479561104762e-01
-2.065710479561211343e-01
-1.065814103640150279e-14
-1.065814103640150279e-14
0.000000000000000000e+00
0.000000000000000000e+00
0.000000000000000000e+00
0.000000000000000000e+00
0.000000000000000000e+00
0.000000000000000000e+00
0.000000000000000000e+00
0.000000000000000000e+00
0.000000000000000000e+00
0.000000000000000000e+00
0.000000000000000000e+00
0.000000000000000000e+00
0.000000000000000000e+00
0.000000000000000000e+00
0.000000000000000000e+00
0.000000000000000000e+00
0.000000000000000000e+00
0.000000000000000000e+00
0.000000000000000000e+00
0.000000000000000000e+00
0.000000000000000000e+00
0.000000000000000000e+00
0.000000000000000000e+00
0.000000000000000000e+00
3.552713678800500929e-14
0.000000000000000000e+00
1.278976924368180335e-13
-3.907985046680551022e-14
-1.634248292248230428e-13
-1.634248292248230428e-13
0.000000000000000000e+00
0.000000000000000000e+00
0.000000000000000000e+00
0.000000000000000000e+00
0.000000000000000000e+00
0.000000000000000000e+00
0.000000000000000000e+00
0.000000000000000000e+00
0.000000000000000000e+00
0.000000000000000000e+00
0.000000000000000000e+00
0.000000000000000000e+00
0.000000000000000000e+00
0.000000000000000000e+00
0.000000000000000000e+00
0.000000000000000000e+00
0.000000000000000000e+00
0.000000000000000000e+00
0.000000000000000000e+00
0.000000000000000000e+00
0.000000000000000000e+00
0.000000000000000000e+00
0.000000000000000000e+00
0.000000000000000000e+00
0.000000000000000000e+00
0.000000000000000000e+00
0.000000000000000000e+00
0.000000000000000000e+00
0.000000000000000000e+00
0.000000000000000000e+00
0.000000000000000000e+00
0.000000000000000000e+00
0.000000000000000000e+00
0.000000000000000000e+00
0.000000000000000000e+00
0.000000000000000000e+00
0.000000000000000000e+00
0.000000000000000000e+00
0.000000000000000000e+00
0.000000000000000000e+00
0.000000000000000000e+00
0.000000000000000000e+00
0.000000000000000000e+00
0.000000000000000000e+00
0.000000000000000000e+00
0.000000000000000000e+00
0.000000000000000000e+00
0.000000000000000000e+00
0.000000000000000000e+00
0.000000000000000000e+00
0.000000000000000000e+00
0.000000000000000000e+00
0.000000000000000000e+00
0.000000000000000000e+00
0.000000000000000000e+00
0.000000000000000000e+00
0.000000000000000000e+00
0.000000000000000000e+00
0.000000000000000000e+00
0.000000000000000000e+00
0.000000000000000000e+00
0.000000000000000000e+00
0.000000000000000000e+00
0.000000000000000000e+00
0.000000000000000000e+00
0.000000000000000000e+00
0.000000000000000000e+00
0.000000000000000000e+00
0.000000000000000000e+00
0.000000000000000000e+00
0.000000000000000000e+00
0.000000000000000000e+00
0.000000000000000000e+00
0.000000000000000000e+00
0.000000000000000000e+00
0.000000000000000000e+00
0.000000000000000000e+00
0.000000000000000000e+00
0.000000000000000000e+00
0.000000000000000000e+00
0.000000000000000000e+00
0.000000000000000000e+00
0.000000000000000000e+00
0.000000000000000000e+00
0.000000000000000000e+00
0.000000000000000000e+00
0.000000000000000000e+00
0.000000000000000000e+00
0.000000000000000000e+00
0.000000000000000000e+00
0.000000000000000000e+00
0.000000000000000000e+00
0.000000000000000000e+00
0.000000000000000000e+00
0.000000000000000000e+00
0.000000000000000000e+00
0.000000000000000000e+00
0.000000000000000000e+00
0.000000000000000000e+00
3.552713678800500929e-15
0.000000000000000000e+00
7.105427357601001859e-15
0.000000000000000000e+00
1.032205375331322728e+00
0.000000000000000000e+00
0.000000000000000000e+00
0.000000000000000000e+00
0.000000000000000000e+00
0.000000000000000000e+00
0.000000000000000000e+00
0.000000000000000000e+00
0.000000000000000000e+00
0.000000000000000000e+00
0.000000000000000000e+00
0.000000000000000000e+00
0.000000000000000000e+00
0.000000000000000000e+00
0.000000000000000000e+00
0.000000000000000000e+00
0.000000000000000000e+00
0.000000000000000000e+00
0.000000000000000000e+00
0.000000000000000000e+00
0.000000000000000000e+00
0.000000000000000000e+00
0.000000000000000000e+00
0.000000000000000000e+00
0.000000000000000000e+00
0.000000000000000000e+00
0.000000000000000000e+00
3.552713678800500929e-15
7.105427357601001859e-15
7.105427357601001859e-15
4.973799150320701301e-14
1.032205375331315622e+00
-7.105427357601001859e-15
-1.032205375331322728e+00
-1.032205375331319175e+00
0.000000000000000000e+00
0.000000000000000000e+00
0.000000000000000000e+00
0.000000000000000000e+00
0.000000000000000000e+00
0.000000000000000000e+00
0.000000000000000000e+00
0.000000000000000000e+00
0.000000000000000000e+00
0.000000000000000000e+00
0.000000000000000000e+00
0.000000000000000000e+00
0.000000000000000000e+00
0.000000000000000000e+00
0.000000000000000000e+00
0.000000000000000000e+00
0.000000000000000000e+00
0.000000000000000000e+00
0.000000000000000000e+00
0.000000000000000000e+00
0.000000000000000000e+00
0.000000000000000000e+00
0.000000000000000000e+00
0.000000000000000000e+00
7.105427357601001859e-15
3.552713678800500929e-15
4.618527782440651208e-14
3.552713678800500929e-14
-5.329070518200751394e-14
5.676344519136360844e+00
7.105427357601001859e-15
1.206400382124730442e+00
-7.105427357601001859e-15
-3.552713678800500929e-15
0.000000000000000000e+00
0.000000000000000000e+00
0.000000000000000000e+00
0.000000000000000000e+00
0.000000000000000000e+00
0.000000000000000000e+00
0.000000000000000000e+00
0.000000000000000000e+00
0.000000000000000000e+00
0.000000000000000000e+00
0.000000000000000000e+00
0.000000000000000000e+00
0.000000000000000000e+00
0.000000000000000000e+00
0.000000000000000000e+00
0.000000000000000000e+00
0.000000000000000000e+00
0.000000000000000000e+00
0.000000000000000000e+00
0.000000000000000000e+00
0.000000000000000000e+00
0.000000000000000000e+00
3.552713678800500929e-15
0.000000000000000000e+00
3.552713678800500929e-14
-3.552713678800500929e-15
5.676344519136371503e+00
-3.197442310920450836e-14
-4.469944137011680141e+00
-5.676344519136215183e+00
-1.206400382124730442e+00
-1.206400382124730442e+00
0.000000000000000000e+00
0.000000000000000000e+00
0.000000000000000000e+00
0.000000000000000000e+00
0.000000000000000000e+00
0.000000000000000000e+00
0.000000000000000000e+00
0.000000000000000000e+00
0.000000000000000000e+00
0.000000000000000000e+00
0.000000000000000000e+00
0.000000000000000000e+00
0.000000000000000000e+00
0.000000000000000000e+00
0.000000000000000000e+00
0.000000000000000000e+00
0.000000000000000000e+00
0.000000000000000000e+00
0.000000000000000000e+00
0.000000000000000000e+00
0.000000000000000000e+00
0.000000000000000000e+00
0.000000000000000000e+00
0.000000000000000000e+00
0.000000000000000000e+00
0.000000000000000000e+00
7.105427357601001859e-15
-3.552713678800500929e-15
1.882938249764265493e-13
-7.105427357601001859e-15
-1.953992523340275511e-13
-1.953992523340275511e-13
0.000000000000000000e+00
0.000000000000000000e+00
0.000000000000000000e+00
0.000000000000000000e+00
0.000000000000000000e+00
0.000000000000000000e+00
0.000000000000000000e+00
0.000000000000000000e+00
0.000000000000000000e+00
0.000000000000000000e+00
0.000000000000000000e+00
0.000000000000000000e+00
0.000000000000000000e+00
0.000000000000000000e+00
0.000000000000000000e+00
0.000000000000000000e+00
0.000000000000000000e+00
0.000000000000000000e+00
0.000000000000000000e+00
0.000000000000000000e+00
0.000000000000000000e+00
0.000000000000000000e+00
0.000000000000000000e+00
0.000000000000000000e+00
0.000000000000000000e+00
0.000000000000000000e+00
0.000000000000000000e+00
0.000000000000000000e+00
0.000000000000000000e+00
0.000000000000000000e+00
0.000000000000000000e+00
0.000000000000000000e+00
0.000000000000000000e+00
0.000000000000000000e+00
0.000000000000000000e+00
0.000000000000000000e+00
0.000000000000000000e+00
0.000000000000000000e+00
0.000000000000000000e+00
0.000000000000000000e+00
0.000000000000000000e+00
0.000000000000000000e+00
0.000000000000000000e+00
0.000000000000000000e+00
0.000000000000000000e+00
0.000000000000000000e+00
0.000000000000000000e+00
0.000000000000000000e+00
0.000000000000000000e+00
0.000000000000000000e+00
0.000000000000000000e+00
0.000000000000000000e+00
0.000000000000000000e+00
0.000000000000000000e+00
0.000000000000000000e+00
0.000000000000000000e+00
0.000000000000000000e+00
0.000000000000000000e+00
0.000000000000000000e+00
0.000000000000000000e+00
0.000000000000000000e+00
0.000000000000000000e+00
0.000000000000000000e+00
0.000000000000000000e+00
0.000000000000000000e+00
0.000000000000000000e+00
0.000000000000000000e+00
0.000000000000000000e+00
0.000000000000000000e+00
0.000000000000000000e+00
0.000000000000000000e+00
0.000000000000000000e+00
0.000000000000000000e+00
0.000000000000000000e+00
0.000000000000000000e+00
0.000000000000000000e+00
0.000000000000000000e+00
0.000000000000000000e+00
0.000000000000000000e+00
0.000000000000000000e+00
0.000000000000000000e+00
0.000000000000000000e+00
0.000000000000000000e+00
0.000000000000000000e+00
0.000000000000000000e+00
0.000000000000000000e+00
0.000000000000000000e+00
0.000000000000000000e+00
0.000000000000000000e+00
0.000000000000000000e+00
0.000000000000000000e+00
0.000000000000000000e+00
0.000000000000000000e+00
0.000000000000000000e+00
0.000000000000000000e+00
0.000000000000000000e+00
0.000000000000000000e+00
0.000000000000000000e+00
0.000000000000000000e+00
0.000000000000000000e+00
0.000000000000000000e+00
0.000000000000000000e+00
0.000000000000000000e+00
