-6.606006416916433699e-02
-3.504991566664594077e-02
-2.276830863537099292e-02
-1.690861488175890437e-02
-1.592484859061882654e-02
-1.480433294916839310e-02
-1.419801197347221773e-02
-1.594302055889504702e-02
-1.722703670389513775e-02
-1.956876711771960570e-02
-2.623506818105709321e-02
-3.581228243842226461e-02
-2.578816606155141453e-02
-1.987439758587425040e-02
-1.778080000872476682e-02
-1.678297491589180596e-02
-1.551483807487673977e-02
-1.548691213047773824e-02
-1.766550774139398483e-02
-1.634558341029284170e-02
-1.474258843750831521e-02
-1.590492676070250772e-02
-2.305432395235729875e-02
-1.629800974114682666e-02
-1.086236745354244096e-02
-1.328945664917877308e-02
-1.600640048227579271e-02
-1.899805432095584209e-02
-2.009300139905485783e-02
-2.421895696455031444e-02
-2.159191218206700513e-02
-1.819961682113481818e-02
-9.499415352711034627e-03
-4.158151072173408430e-03
8.423576134338368882e-03
2.060666432713422619e-02
2.939741839444870442e-02
3.546532653298116455e-02
3.897992271839596096e-02
3.868805086537607796e-02
4.335676673806365677e-02
4.229829022088407026e-02
3.662609553555241926e-02
2.970798280089820970e-02
1.914191550262986027e-02
9.388459174826717379e-03
1.266604040493736136e-04
-7.630572432802001231e-03
-1.486760368171344271e-02
-2.189146683747224265e-02
-2.689756262011484822e-02
-3.062670319495856136e-02
-4.162674780618859371e-02
-3.576973959012644255e-02
-2.690682087689216101e-02
-1.726695185657669065e-02
-7.793912150799980204e-03
2.081179173693516442e-03
1.333172586696282011e-02
2.550785587340206884e-02
3.953749968349061505e-02
5.262825408158923468e-02
6.060951681386108486e-02
6.104044446684722680e-02
9.808669739115968844e-02
1.007515325601069656e-01
5.739562787281879408e-02
1.722698010837250826e-02
4.251396030664746084e-03
-8.120790455436448230e-03
-2.124728001440941844e-02
-3.543044626043680839e-02
-5.147982849700041830e-02
-6.315947816235936707e-02
-1.226779253485988930e-01
-8.010885942917689295e-02
-4.618506733545402199e-02
-2.477628189337727910e-02
-9.225610202079969485e-03
6.193632064067052141e-03
2.274574252517055223e-02
4.558277227518606201e-02
7.998919329983975035e-02
1.621917519239439165e-01
2.612702275080208691e-01
1.860449776864340210e-01
2.785095840197471251e-01
2.931207672126099784e+00
2.637847921043870447e-01
1.057163102529485588e-01
5.046212896158894234e-02
2.660515568425712157e-02
8.261715843231440606e-03
-8.478216735565355378e-03
-2.645524696591781966e-02
-5.311977707528668657e-02
-1.112879173210923889e-01
-5.080721039819453555e-01
3.881141296493935411e-02
3.763312771239343130e-02
3.427360271044310736e-02
2.564157515659872336e-02
1.391352431323715846e-02
2.042457503491647806e-03
-1.002650786851239269e-02
-1.898330359573887141e-02
-2.325857122447094749e-02
-3.145670388389751326e-02
4.349965788453014071e-02
3.938682257054962332e-02
3.378687152853133285e-02
2.479992623899132664e-02
1.380401293758406686e-02
9.594868733115539949e-04
-3.671639732530901368e-03
-8.219372752634863249e-03
-1.009808634198234960e-02
-1.443240036188592201e-02
-1.740421264460773054e-02
-2.290557839631045256e-02
-3.000947982194946198e-02
9.999999998007200702e+03
-8.697091467396375619e-06
-8.127993544220987743e-06
6.284665531295502428e-06
5.794837494576144526e-05
2.663828145504105321e-04
1.586631262203413301e-04
7.741602807072138492e-05
-2.459263772424790523e-05
-2.340892979819930719e-05
-1.259640480131586637e-06
1.005857644884918661e-04
4.322949593999845380e-04
4.482173172982873571e-04
1.926356723900898155e-04
-5.858147917092194901e-05
-7.665368194160592646e-05
-5.951598370278546324e-05
2.858781142419612037e-05
4.058949624602629230e-04
1.335655931469120414e-03
6.995886929604567140e-04
-1.209143972798294372e-04
-1.907820314658408012e-04
-1.976853308664310027e-04
-1.485363204700319156e-04
6.628980494156212072e-04
2.857496807376822684e-03
3.320458221397031007e-03
-1.436559001269863134e-04
-1.600816522782983918e-04
-3.604088953179634264e-04
-8.679807632501913145e-05
4.513039170824448276e-03
4.134604167821388787e-03
3.764861984297707131e-03
-1.372042604577948001e-04
-5.524308471886330701e-04
-9.106664550449783402e-05
-9.952685135873259870e-05
1.451752304763046994e-04
4.386880311113366959e-03
3.941991428414753917e-03
-8.120020127978279378e-05
-7.404674611603562911e-05
-6.495024728771225941e-05
-1.097418384123334881e-04
-2.681405086038639307e-04
3.603897622535129353e-03
1.983117372947604609e-03
-3.072783342407663792e-05
-8.326477662106736288e-05
-2.125128249415471349e-05
1.083856415309315813e-05
-1.759064912159637173e-05
-2.266763631723379968e-05
2.488651420703112682e-04
1.793345289505775264e-05
4.012918858809551986e-05
6.056045491004656556e-05
-1.547227529495121337e-04
-5.726309215977470890e-05
1.118945921280752737e-05
5.720501874820899113e-05
6.198090528468976762e-05
-4.190177231959430620e-04
-3.193198892974145539e-04
-1.634688400939266623e-04
-6.789737723293491622e-05
-1.618717234447113185e-05
8.545114951740394316e-06
-3.103724755193128931e-04
-6.334913305299774353e-04
-7.361968137058454847e-04
-2.400300586485413362e-04
-7.928501487622710564e-05
-2.791127812629828897e-05
-7.025720606108551425e-06
-5.593213054915641136e-06
-3.120179462811484283e-06
3.815496086143413401e-06
3.938068208802700254e-05
1.933025619580957394e-04
1.075258667102042820e-04
4.831413791055692852e-05
-1.611807562124090154e-05
-1.441891797695181443e-05
1.034499734736682441e-06
7.302936831344794544e-05
3.106220215102102611e-04
3.135990683608425034e-04
1.229153430647653145e-04
-3.798370558321696733e-05
-4.954092895604125801e-05
-3.658233412832251341e-05
2.457009050848418807e-05
2.879448828784769709e-04
9.207230019187689907e-04
4.773407060175037173e-04
-8.045627130460683563e-05
-1.295520958806330863e-04
-1.316732256970536141e-04
-1.081717103841896288e-04
4.779279835998156978e-04
1.900973118059447881e-03
2.141964438475543742e-03
-9.295294913642688367e-05
-1.008216938369633500e-04
-2.629095068647701802e-04
-5.594852558636967399e-05
2.837470564190681943e-03
2.631132384964554594e-03
2.487641910016546998e-03
-8.909239326418058602e-05
5.658024995352297108e-05
-6.662466965693530918e-05
-6.052890818678338669e-05
6.335136745375807843e-05
2.734877370620544812e-03
2.571568681568381365e-03
-4.748831069495418333e-05
-3.544279438156584805e-05
-3.283835880940524227e-05
-5.444370146237206831e-05
-2.326114861684464019e-04
2.216878462086520341e-03
1.300114262747856242e-03
-3.115446579705916097e-05
-8.123902012588911370e-05
-2.181068528898585934e-05
7.403001757054147869e-06
-1.051572923640650692e-05
5.860299761659831796e-06
1.554217966176670018e-04
1.173957391826900565e-05
2.561693164571804404e-05
2.638848069304658428e-05
-3.215857100541744118e-05
-3.384382451370251954e-05
7.879410549988669077e-06
2.802851725870747490e-05
2.852124527252808406e-05
-2.372928021526377745e-04
-1.991355733540825512e-04
-1.002291501195403528e-04
-3.994686284207113469e-05
-1.021761972607761193e-05
4.011113848099295831e-06
-1.917805601886063416e-04
-4.450705110167502837e-04
-5.360381073829861495e-04
-1.535375311436798507e-04
-4.899263514316146151e-05
-1.593022069784622019e-05
-3.357405088041942598e-06
-5.518142172433043724e-06
-3.609693718924222861e-06
8.968736554780532000e-07
2.695044114953484837e-05
1.880481631278997645e-04
9.074956274406076329e-05
3.352449165085202853e-05
-7.122550792028337074e-06
-8.782401654958138515e-06
-1.307733837958152678e-06
5.795083301217418548e-05
3.030567909430778584e-04
3.049947483452185304e-04
9.676318904652120301e-05
-1.888920652755657348e-05
-2.606977870011836784e-05
-2.325800831171065397e-05
1.336597716780282830e-05
2.649710845170766271e-04
1.000088367468801587e-03
4.299884230158769558e-04
-3.807978807100070862e-05
-5.834710440339938020e-05
-6.387673926321058016e-05
-9.575942984873034303e-05
4.595212559690836640e-04
2.123214678558575652e-03
2.597326740984007287e-03
-3.707334650863633452e-05
-5.474812994660458181e-05
-1.091063279821218035e-04
-2.248414229594208891e-05
3.456203393795070911e-03
3.007867050389162467e-03
2.840932118914896165e-03
-3.363663817015395685e-05
-6.207970006910342245e-07
-4.462565856826194999e-05
-3.454500030519377929e-05
-2.183476959400493245e-05
3.433123983381691779e-03
2.999173036395463843e-03
-3.351912009504597056e-05
-6.883614798752768493e-06
-2.347146458129764635e-05
-1.906288538829938040e-05
-5.749445490534077496e-05
2.556439647304564744e-03
1.315350512326073779e-03
-3.881170485564230943e-05
2.506117071415098208e-05
-3.229893791259486058e-05
-1.859834730152942761e-06
-7.725693855813176025e-06
-4.586914258673802092e-05
1.079687017920376302e-04
4.457405127479552309e-06
7.757034438005128152e-06
1.175059720149793097e-05
1.801114876325698999e-05
-1.108316293414041143e-05
9.923021256290354142e-06
1.592049745329990329e-05
1.371315050340340957e-05
-3.911040616096789213e-05
-8.205341190181160427e-05
-3.969462727979045091e-05
-1.441203622527115202e-05
-2.549069631367639754e-06
3.733739797066176758e-06
-4.679506771372403395e-05
-2.456953986397416440e-04
-3.323444734837730646e-04
-6.910752446541608418e-05
-1.978567863618677092e-05
-4.947319605250188879e-06
-5.920583219173880529e-07
7.946294518293428588e-07
6.160665712018342788e-07
8.676383600469961266e-08
-5.348982128693113847e-06
-3.834984485632728091e-05
-2.065020852276555630e-05
-9.713067011234838288e-06
2.822880323619103571e-06
2.790602428134197899e-06
1.543335365079140375e-06
-9.104429133013208775e-06
-6.484967190928739300e-05
-7.115187377487383613e-05
-2.615010098087552914e-05
3.875204108209906462e-06
5.774686547180274410e-06
7.156533364176959067e-06
1.721348290358026834e-06
-5.766325265839020164e-05
-2.638395106171614879e-04
-1.059852623722005267e-04
6.444077258842967337e-06
5.548556757065115086e-06
9.721809915097523458e-06
1.960194337968790279e-05
-1.086314824978139304e-04
-5.929736823628503628e-04
-7.564665471908454952e-04
7.399614429037110197e-06
1.376109543852572711e-05
4.894773672251342966e-06
2.726365294497545833e-07
-1.111714196865440374e-03
-9.293505500550594545e-04
-7.735224743634638855e-04
6.805321728784591295e-06
7.933025868583508302e-05
2.084997967211760228e-06
8.446294498056644562e-06
1.029663016789104935e-04
-1.114089129744547102e-03
-8.456801660515211871e-04
1.113552146191944259e-05
8.145529771892354165e-06
2.210302123578644640e-06
6.452975223272469640e-06
1.376452253521592839e-05
-7.430208034833463149e-04
-3.614452058070816154e-04
-7.118531782222825566e-06
2.165873976815203827e-05
7.339744294981853656e-06
-1.761206661135550355e-07
-1.996171093372745009e-06
-1.132348263993207538e-05
-3.100614290508715842e-05
-9.861829326079929459e-07
-3.761369894429017480e-06
-5.088133360343916056e-06
-4.763795167460338487e-05
5.836461665503084317e-06
-1.798595530219659899e-06
-6.416312151345110459e-06
-1.987497109640079529e-06
3.495537885358709906e-06
2.577381020811390921e-05
1.291275115719928146e-05
5.894865308948837868e-06
1.454912096035543279e-06
-4.709438844834046289e-07
2.865328088964835818e-05
2.537399351524964597e-05
1.593601455676316170e-05
1.621639432947304116e-05
7.018632883198233641e-06
1.653394557040582802e-06
3.852140318533203711e-07
-2.009991676751865519e-06
-1.886730952214976664e-06
-7.112984348883744090e-07
4.987312541202687521e-06
5.540941897291470908e-05
2.052071599602592333e-05
6.896987848857560888e-06
-6.482888561358535195e-07
-1.287300738238988940e-06
-3.045090395809024741e-07
1.521935506513388825e-05
8.322466104724451919e-05
7.603521856470660256e-05
2.078037013927142018e-05
-2.469309962966487193e-06
-3.325715199425927082e-06
-3.471985696990725900e-06
4.116804376251559372e-06
7.103924095707911390e-05
2.785543975448792620e-04
1.003640531145548855e-04
-7.729985789156623710e-06
-8.841259948863533502e-06
-6.391024557308999654e-06
-1.423995954592804924e-05
1.297706248580624000e-04
5.564402529708301071e-04
7.350431681577146437e-04
-2.091525142286498884e-06
-7.619819492895657997e-06
-3.139886829063402718e-05
1.670120504961014607e-05
9.803270545735293107e-04
8.238858792555397992e-04
8.578040310583956440e-04
3.242786942928010951e-07
-2.264857340281309318e-04
2.921983199906386108e-06
-2.445607427382923138e-06
-6.669883432981055238e-05
1.031885542575952663e-03
9.157824349174670253e-04
3.925363248115723569e-06
2.313005004108553697e-07
4.604145572793469365e-06
2.111668912781888841e-06
4.882265638654972872e-05
6.764747716870786465e-04
3.415051471993904575e-04
-4.053009447101477147e-05
-5.947590841961364339e-06
-2.659175937749086449e-05
6.487261435782210039e-07
-4.138254445298916728e-06
1.254054710839169751e-05
2.164146439178130099e-05
-7.595352168252023084e-07
-6.981124424133844375e-07
-5.047728565896192343e-07
1.242482395340943624e-05
7.817704722468121759e-08
7.737059894083464506e-07
2.575699507095796648e-06
-3.408755000312152506e-06
-2.665487048879311427e-05
-4.974625204465926709e-06
-8.453040306263814863e-07
-4.995760139250848830e-07
-1.592749556654504683e-07
6.273198160065829310e-07
-1.236087358352441767e-05
-3.674261891657704115e-05
-8.509535150813540838e-05
-6.130070668873555118e-06
4.939774390574913632e-08
9.892681691534011001e-07
5.994010806101290889e-08
6.359553416254715152e-06
5.146823746717682502e-06
-1.238105890536550513e-06
-2.893650137323830474e-05
-1.510199004032992953e-04
-9.328620365441075979e-05
-4.048769287873579814e-05
9.920064093418140549e-06
1.069445267761273688e-05
3.687338660268713042e-06
-4.567848180807299041e-05
-2.670451600847480178e-04
-2.771977359122407281e-04
-1.098522310693170190e-04
2.198527981446193880e-05
3.141567422181371083e-05
3.061025229425182181e-05
3.251256772609373291e-06
-2.422465155365906286e-04
-9.540358712590707446e-04
-4.401549176125867189e-04
3.390065697504718312e-05
5.504271688223927317e-05
7.162790619862427488e-05
1.005409545151852990e-04
-4.093895870432538719e-04
-2.156622506065769551e-03
-2.555564331343115891e-03
4.545265791748229200e-05
5.228314635584774338e-05
6.393386107697747456e-05
2.913036123275078437e-05
-3.444613424356715581e-03
-3.073958605120649668e-03
-2.719228520272731764e-03
4.664768062418063466e-05
-1.282343334038860616e-04
3.214324992623432409e-05
4.486951471564457061e-05
3.289649094028596066e-06
-3.417190400839917319e-03
-2.891323865492401168e-03
2.178179206365794818e-05
1.864065030323693029e-05
2.486448448126010735e-05
4.038811790572915950e-05
1.124586366501832690e-04
-2.591880221691905684e-03
-1.365002753647572009e-03
6.606427053662891624e-05
2.304212549112533148e-05
-3.182061723815826637e-05
-1.964669808143110208e-06
1.529167090812133534e-05
-8.458690438865185124e-06
-1.298314207938376652e-04
-5.784376881558944694e-06
-1.357945217281969486e-05
-1.386616580094368611e-05
6.316532097251637001e-05
1.822590720036015854e-05
-8.767202316867922507e-06
-2.326871417709236445e-05
-1.971661771614854897e-05
1.950469292943107086e-04
1.124621014223989302e-04
5.665284335594489296e-05
2.230181802905656374e-05
5.001189214041273923e-06
-4.238796193437727178e-06
1.011457550164265168e-04
2.304725926408034142e-04
2.881077134423148944e-04
8.793663798719458802e-05
2.707130670102225745e-05
9.094481194286962999e-06
1.823121256912252353e-06
6.950501113980531165e-06
4.961923796530098851e-06
-3.420606249606578109e-06
-3.927360924043526991e-05
-2.199507529344682522e-04
-1.083925968828926278e-04
-4.444693064334891142e-05
1.244822874395604129e-05
1.283419838001183255e-05
-2.689857366702103070e-06
-8.119598108526082658e-05
-3.279526911761157515e-04
-3.238428442262544088e-04
-1.164805265190180239e-04
3.740780960302669822e-05
4.678524149137608390e-05
3.168067171589912523e-05
-2.899857661185778479e-05
-3.010198273773277006e-04
-9.276578505583790712e-04
-4.741809727254069941e-04
8.353569158344592571e-05
1.368282511182237343e-04
1.312516909253505504e-04
1.031097833176699424e-04
-4.512902757022006772e-04
-1.849851455069242284e-03
-2.099421641724968923e-03
8.743742765474418754e-05
9.904166950595167090e-05
3.082316103338597971e-04
3.020291875395486603e-05
-2.761994353611296749e-03
-2.566632219804070025e-03
-2.626863944623247793e-03
7.956659064241311530e-05
4.590056580830880915e-04
7.218546800736788671e-05
5.274549391223043449e-05
-1.746856008058711440e-04
-2.735043350035680498e-03
-2.673882733109478327e-03
4.616370032666915896e-05
2.660715765092497298e-05
3.280658503770905732e-05
4.245154403146288169e-05
1.118129562879006250e-04
-2.241376765264715964e-03
-1.282060735391856582e-03
6.686298274725943624e-05
1.872034600451828734e-05
9.929524072832887627e-05
-6.739414429959497688e-06
1.454555366378271208e-05
7.692542815432475145e-05
-1.440386410804204986e-04
-9.392450745436195514e-06
-1.778202253064839478e-05
-2.714517886099471200e-05
5.988825070083261815e-05
2.570988919385099047e-05
-7.844602836860198325e-06
-2.574185703275999604e-05
-2.688292500404795837e-05
1.841850234101695405e-04
1.728695097351681115e-04
8.541986428579027846e-05
3.318658169394403390e-05
7.788608196758473046e-06
-5.141031507355925401e-06
1.497623628126925482e-04
4.839441967020366442e-04
6.691608634131511121e-04
1.430832675427904516e-04
4.120680042725768932e-05
1.200787750264484255e-05
2.129330481192778790e-06
8.927160439327341823e-06
6.156868216596056431e-06
-3.894824167629054590e-06
-5.229427901266674172e-05
-3.676789058832605206e-04
-1.509537096952423552e-04
-5.785855452413585231e-05
1.651217833685634379e-05
1.625531900009170860e-05
-5.868625315845997503e-06
-1.369749163209667969e-04
-5.519187665339389537e-04
-5.118463878007375317e-04
-1.541763583890656125e-04
4.738068397029324141e-05
6.022643107620861275e-05
3.765369141801519492e-05
-8.018507599832913613e-05
-4.842651526058908140e-04
-1.482357380942513764e-03
-6.612873538071918633e-04
1.298851253613841905e-04
1.979805524531495775e-04
1.686021828867295333e-04
1.266494603654796242e-04
-8.993926793520517701e-04
-2.734736445950604333e-03
-3.409212410239677304e-03
1.145619646422558341e-04
1.462345122013648411e-04
4.830523037192167510e-04
5.331475637007730001e-05
-4.186811220343089612e-03
-3.708083071139341852e-03
-4.113326893164959142e-03
9.773238919639397684e-05
5.080000783014496221e-04
9.166344767133453864e-05
6.733063279115540645e-05
-4.665586057053805469e-05
-4.122017334340657979e-03
-4.269778080193353809e-03
5.501059196867490175e-05
3.168835804379013105e-05
3.690491087427263950e-05
5.031694844113629439e-05
1.194066359882853257e-04
-3.238272014071851695e-03
-1.828001368122859557e-03
8.250759441251302728e-05
2.265968390950494349e-05
1.057860393268031732e-04
-5.005070065426317494e-06
1.600162535278330800e-05
1.054315921950391144e-06
-1.842573685595406963e-04
-1.251704936454725581e-05
-2.388907430440467133e-05
-3.400392366906951347e-05
5.202958222072333327e-05
3.320643614591715920e-05
-1.012465984524032331e-05
-3.033961578587790475e-05
-3.137772418939505092e-05
2.396460315323908907e-04
2.187320488146260802e-04
1.059340706770408452e-04
4.171070179503823944e-05
1.000021514028538727e-05
-6.050734982609995427e-06
1.986284538350625850e-04
6.436559905960903202e-04
8.636732305019921910e-04
1.780969296958498024e-04
5.009222784032457687e-05
1.548039022946853804e-05
4.685471465905310939e-06
