354
# x y z
0.09	0.43	0
0.14	0.43	0
0.19	0.43	0
0.24	0.43	0
0.29	0.43	0
0.34	0.43	0
0.39	0.43	0
0.44	0.43	0
0.09	0.38	0
0.14	0.38	0
0.19	0.38	0
0.24	0.38	0
0.29	0.38	0
0.34	0.38	0
0.39	0.38	0
0.44	0.38	0
0.09	0.33	0
0.14	0.33	0
0.19	0.33	0
0.24	0.33	0
0.29	0.33	0
0.34	0.33	0
0.39	0.33	0
0.44	0.33	0
0.09	0.28	0
0.14	0.28	0
0.19	0.28	0
0.24	0.28	0
0.29	0.28	0
0.34	0.28	0
0.39	0.28	0
0.44	0.28	0
0.09	0.23	0
0.14	0.23	0
0.19	0.23	0
0.24	0.23	0
0.29	0.23	0
0.34	0.23	0
0.39	0.23	0
0.44	0.23	0
0.09	0.18	0
0.14	0.18	0
0.19	0.18	0
0.24	0.18	0
0.29	0.18	0
0.34	0.18	0
0.39	0.18	0
0.44	0.18	0
0.09	0.13	0
0.14	0.13	0
0.19	0.13	0
0.24	0.13	0
0.29	0.13	0
0.34	0.13	0
0.39	0.13	0
0.44	0.13	0
0.09	0.08	0
0.14	0.08	0
0.19	0.08	0
0.24	0.08	0
0.29	0.08	0
0.34	0.08	0
0.39	0.08	0
0.44	0.08	0
0.025	0.02	0.01
0.025	0.05	0.01
0.025	0.08	0.01
0.025	0.11	0.01
0.025	0.14	0.01
0.025	0.17	0.01
0.025	0.2	0.01
0.025	0.23	0.01
0.025	0.26	0.01
0.025	0.29	0.01
0.025	0.32	0.01
0.025	0.35	0.01
0.025	0.38	0.01
0.025	0.41	0.01
0.025	0.44	0.01
0.025	0.47	0.01
0.025	0.5	0.01
0.055	0.02	0.01
0.055	0.05	0.01
0.055	0.08	0.01
0.055	0.11	0.01
0.055	0.14	0.01
0.055	0.17	0.01
0.055	0.2	0.01
0.055	0.23	0.01
0.055	0.26	0.01
0.055	0.29	0.01
0.055	0.32	0.01
0.055	0.35	0.01
0.055	0.38	0.01
0.055	0.41	0.01
0.055	0.44	0.01
0.055	0.47	0.01
0.055	0.5	0.01
0.085	0.02	0.01
0.085	0.05	0.01
0.085	0.08	0.01
0.085	0.11	0.01
0.085	0.14	0.01
0.085	0.17	0.01
0.085	0.2	0.01
0.085	0.23	0.01
0.085	0.26	0.01
0.085	0.29	0.01
0.085	0.32	0.01
0.085	0.35	0.01
0.085	0.38	0.01
0.085	0.41	0.01
0.085	0.44	0.01
0.085	0.47	0.01
0.085	0.5	0.01
0.115	0.02	0.01
0.115	0.05	0.01
0.115	0.08	0.01
0.115	0.11	0.01
0.115	0.14	0.01
0.115	0.17	0.01
0.115	0.2	0.01
0.115	0.23	0.01
0.115	0.26	0.01
0.115	0.29	0.01
0.115	0.32	0.01
0.115	0.35	0.01
0.115	0.38	0.01
0.115	0.41	0.01
0.115	0.44	0.01
0.115	0.47	0.01
0.115	0.5	0.01
0.145	0.02	0.01
0.145	0.05	0.01
0.145	0.08	0.01
0.145	0.11	0.01
0.145	0.14	0.01
0.145	0.17	0.01
0.145	0.2	0.01
0.145	0.23	0.01
0.145	0.26	0.01
0.145	0.29	0.01
0.145	0.32	0.01
0.145	0.35	0.01
0.145	0.38	0.01
0.145	0.41	0.01
0.145	0.44	0.01
0.145	0.47	0.01
0.145	0.5	0.01
0.175	0.02	0.01
0.175	0.05	0.01
0.175	0.08	0.01
0.175	0.11	0.01
0.175	0.14	0.01
0.175	0.17	0.01
0.175	0.2	0.01
0.175	0.23	0.01
0.175	0.26	0.01
0.175	0.29	0.01
0.175	0.32	0.01
0.175	0.35	0.01
0.175	0.38	0.01
0.175	0.41	0.01
0.175	0.44	0.01
0.175	0.47	0.01
0.175	0.5	0.01
0.205	0.02	0.01
0.205	0.05	0.01
0.205	0.08	0.01
0.205	0.11	0.01
0.205	0.14	0.01
0.205	0.17	0.01
0.205	0.2	0.01
0.205	0.23	0.01
0.205	0.26	0.01
0.205	0.29	0.01
0.205	0.32	0.01
0.205	0.35	0.01
0.205	0.38	0.01
0.205	0.41	0.01
0.205	0.44	0.01
0.205	0.47	0.01
0.205	0.5	0.01
0.235	0.02	0.01
0.235	0.05	0.01
0.235	0.08	0.01
0.235	0.11	0.01
0.235	0.14	0.01
0.235	0.17	0.01
0.235	0.2	0.01
0.235	0.23	0.01
0.235	0.26	0.01
0.235	0.29	0.01
0.235	0.32	0.01
0.235	0.35	0.01
0.235	0.38	0.01
0.235	0.41	0.01
0.235	0.44	0.01
0.235	0.47	0.01
0.235	0.5	0.01
0.265	0.02	0.01
0.265	0.05	0.01
0.265	0.08	0.01
0.265	0.11	0.01
0.265	0.14	0.01
0.265	0.17	0.01
0.265	0.2	0.01
0.265	0.23	0.01
0.265	0.26	0.01
0.265	0.29	0.01
0.265	0.32	0.01
0.265	0.35	0.01
0.265	0.38	0.01
0.265	0.41	0.01
0.265	0.44	0.01
0.265	0.47	0.01
0.265	0.5	0.01
0.295	0.02	0.01
0.295	0.05	0.01
0.295	0.08	0.01
0.295	0.11	0.01
0.295	0.14	0.01
0.295	0.17	0.01
0.295	0.2	0.01
0.295	0.23	0.01
0.295	0.26	0.01
0.295	0.29	0.01
0.295	0.32	0.01
0.295	0.35	0.01
0.295	0.38	0.01
0.295	0.41	0.01
0.295	0.44	0.01
0.295	0.47	0.01
0.295	0.5	0.01
0.325	0.02	0.01
0.325	0.05	0.01
0.325	0.08	0.01
0.325	0.11	0.01
0.325	0.14	0.01
0.325	0.17	0.01
0.325	0.2	0.01
0.325	0.23	0.01
0.325	0.26	0.01
0.325	0.29	0.01
0.325	0.32	0.01
0.325	0.35	0.01
0.325	0.38	0.01
0.325	0.41	0.01
0.325	0.44	0.01
0.325	0.47	0.01
0.325	0.5	0.01
0.355	0.02	0.01
0.355	0.05	0.01
0.355	0.08	0.01
0.355	0.11	0.01
0.355	0.14	0.01
0.355	0.17	0.01
0.355	0.2	0.01
0.355	0.23	0.01
0.355	0.26	0.01
0.355	0.29	0.01
0.355	0.32	0.01
0.355	0.35	0.01
0.355	0.38	0.01
0.355	0.41	0.01
0.355	0.44	0.01
0.355	0.47	0.01
0.355	0.5	0.01
0.385	0.02	0.01
0.385	0.05	0.01
0.385	0.08	0.01
0.385	0.11	0.01
0.385	0.14	0.01
0.385	0.17	0.01
0.385	0.2	0.01
0.385	0.23	0.01
0.385	0.26	0.01
0.385	0.29	0.01
0.385	0.32	0.01
0.385	0.35	0.01
0.385	0.38	0.01
0.385	0.41	0.01
0.385	0.44	0.01
0.385	0.47	0.01
0.385	0.5	0.01
0.415	0.02	0.01
0.415	0.05	0.01
0.415	0.08	0.01
0.415	0.11	0.01
0.415	0.14	0.01
0.415	0.17	0.01
0.415	0.2	0.01
0.415	0.23	0.01
0.415	0.26	0.01
0.415	0.29	0.01
0.415	0.32	0.01
0.415	0.35	0.01
0.415	0.38	0.01
0.415	0.41	0.01
0.415	0.44	0.01
0.415	0.47	0.01
0.415	0.5	0.01
0.445	0.02	0.01
0.445	0.05	0.01
0.445	0.08	0.01
0.445	0.11	0.01
0.445	0.14	0.01
0.445	0.17	0.01
0.445	0.2	0.01
0.445	0.23	0.01
0.445	0.26	0.01
0.445	0.29	0.01
0.445	0.32	0.01
0.445	0.35	0.01
0.445	0.38	0.01
0.445	0.41	0.01
0.445	0.44	0.01
0.445	0.47	0.01
0.445	0.5	0.01
0.475	0.02	0.01
0.475	0.05	0.01
0.475	0.08	0.01
0.475	0.11	0.01
0.475	0.14	0.01
0.475	0.17	0.01
0.475	0.2	0.01
0.475	0.23	0.01
0.475	0.26	0.01
0.475	0.29	0.01
0.475	0.32	0.01
0.475	0.35	0.01
0.475	0.38	0.01
0.475	0.41	0.01
0.475	0.44	0.01
0.475	0.47	0.01
0.475	0.5	0.01
0.505	0.02	0.01
0.505	0.05	0.01
0.505	0.08	0.01
0.505	0.11	0.01
0.505	0.14	0.01
0.505	0.17	0.01
0.505	0.2	0.01
0.505	0.23	0.01
0.505	0.26	0.01
0.505	0.29	0.01
0.505	0.32	0.01
0.505	0.35	0.01
0.505	0.38	0.01
0.505	0.41	0.01
0.505	0.44	0.01
0.505	0.47	0.01
0.505	0.5	0.01
0.25	0.27	0.01
204
# a b m n err i ip iperr k r rhoa u valid 
354	64	2	3	0.00000000000000e+000	0.00000000000000e+000	0.00000000000000e+000	0.00000000000000e+000	0.00000000000000e+000	0.00000000000000e+000	0.00000000000000e+000	0.00000000000000e+000	1
354	64	3	4	0.00000000000000e+000	0.00000000000000e+000	0.00000000000000e+000	0.00000000000000e+000	0.00000000000000e+000	0.00000000000000e+000	0.00000000000000e+000	0.00000000000000e+000	1
354	64	4	5	0.00000000000000e+000	0.00000000000000e+000	0.00000000000000e+000	0.00000000000000e+000	0.00000000000000e+000	0.00000000000000e+000	0.00000000000000e+000	0.00000000000000e+000	1
354	64	5	6	0.00000000000000e+000	0.00000000000000e+000	0.00000000000000e+000	0.00000000000000e+000	0.00000000000000e+000	0.00000000000000e+000	0.00000000000000e+000	0.00000000000000e+000	1
354	64	6	7	0.00000000000000e+000	0.00000000000000e+000	0.00000000000000e+000	0.00000000000000e+000	0.00000000000000e+000	0.00000000000000e+000	0.00000000000000e+000	0.00000000000000e+000	1
354	64	7	8	0.00000000000000e+000	0.00000000000000e+000	0.00000000000000e+000	0.00000000000000e+000	0.00000000000000e+000	0.00000000000000e+000	0.00000000000000e+000	0.00000000000000e+000	1
354	64	9	10	0.00000000000000e+000	0.00000000000000e+000	0.00000000000000e+000	0.00000000000000e+000	0.00000000000000e+000	0.00000000000000e+000	0.00000000000000e+000	0.00000000000000e+000	1
354	64	10	11	0.00000000000000e+000	0.00000000000000e+000	0.00000000000000e+000	0.00000000000000e+000	0.00000000000000e+000	0.00000000000000e+000	0.00000000000000e+000	0.00000000000000e+000	1
354	64	11	12	0.00000000000000e+000	0.00000000000000e+000	0.00000000000000e+000	0.00000000000000e+000	0.00000000000000e+000	0.00000000000000e+000	0.00000000000000e+000	0.00000000000000e+000	1
354	64	12	13	0.00000000000000e+000	0.00000000000000e+000	0.00000000000000e+000	0.00000000000000e+000	0.00000000000000e+000	0.00000000000000e+000	0.00000000000000e+000	0.00000000000000e+000	1
354	64	13	14	0.00000000000000e+000	0.00000000000000e+000	0.00000000000000e+000	0.00000000000000e+000	0.00000000000000e+000	0.00000000000000e+000	0.00000000000000e+000	0.00000000000000e+000	1
354	64	14	15	0.00000000000000e+000	0.00000000000000e+000	0.00000000000000e+000	0.00000000000000e+000	0.00000000000000e+000	0.00000000000000e+000	0.00000000000000e+000	0.00000000000000e+000	1
354	64	15	16	0.00000000000000e+000	0.00000000000000e+000	0.00000000000000e+000	0.00000000000000e+000	0.00000000000000e+000	0.00000000000000e+000	0.00000000000000e+000	0.00000000000000e+000	1
354	64	17	18	0.00000000000000e+000	0.00000000000000e+000	0.00000000000000e+000	0.00000000000000e+000	0.00000000000000e+000	0.00000000000000e+000	0.00000000000000e+000	0.00000000000000e+000	1
354	64	18	19	0.00000000000000e+000	0.00000000000000e+000	0.00000000000000e+000	0.00000000000000e+000	0.00000000000000e+000	0.00000000000000e+000	0.00000000000000e+000	0.00000000000000e+000	1
354	64	19	20	0.00000000000000e+000	0.00000000000000e+000	0.00000000000000e+000	0.00000000000000e+000	0.00000000000000e+000	0.00000000000000e+000	0.00000000000000e+000	0.00000000000000e+000	1
354	64	20	21	0.00000000000000e+000	0.00000000000000e+000	0.00000000000000e+000	0.00000000000000e+000	0.00000000000000e+000	0.00000000000000e+000	0.00000000000000e+000	0.00000000000000e+000	1
354	64	21	22	0.00000000000000e+000	0.00000000000000e+000	0.00000000000000e+000	0.00000000000000e+000	0.00000000000000e+000	0.00000000000000e+000	0.00000000000000e+000	0.00000000000000e+000	1
354	64	22	23	0.00000000000000e+000	0.00000000000000e+000	0.00000000000000e+000	0.00000000000000e+000	0.00000000000000e+000	0.00000000000000e+000	0.00000000000000e+000	0.00000000000000e+000	1
354	64	23	24	0.00000000000000e+000	0.00000000000000e+000	0.00000000000000e+000	0.00000000000000e+000	0.00000000000000e+000	0.00000000000000e+000	0.00000000000000e+000	0.00000000000000e+000	1
354	64	25	26	0.00000000000000e+000	0.00000000000000e+000	0.00000000000000e+000	0.00000000000000e+000	0.00000000000000e+000	0.00000000000000e+000	0.00000000000000e+000	0.00000000000000e+000	1
354	64	26	27	0.00000000000000e+000	0.00000000000000e+000	0.00000000000000e+000	0.00000000000000e+000	0.00000000000000e+000	0.00000000000000e+000	0.00000000000000e+000	0.00000000000000e+000	1
354	64	27	28	0.00000000000000e+000	0.00000000000000e+000	0.00000000000000e+000	0.00000000000000e+000	0.00000000000000e+000	0.00000000000000e+000	0.00000000000000e+000	0.00000000000000e+000	1
354	64	28	29	0.00000000000000e+000	0.00000000000000e+000	0.00000000000000e+000	0.00000000000000e+000	0.00000000000000e+000	0.00000000000000e+000	0.00000000000000e+000	0.00000000000000e+000	1
354	64	29	30	0.00000000000000e+000	0.00000000000000e+000	0.00000000000000e+000	0.00000000000000e+000	0.00000000000000e+000	0.00000000000000e+000	0.00000000000000e+000	0.00000000000000e+000	1
354	64	30	31	0.00000000000000e+000	0.00000000000000e+000	0.00000000000000e+000	0.00000000000000e+000	0.00000000000000e+000	0.00000000000000e+000	0.00000000000000e+000	0.00000000000000e+000	1
354	64	31	32	0.00000000000000e+000	0.00000000000000e+000	0.00000000000000e+000	0.00000000000000e+000	0.00000000000000e+000	0.00000000000000e+000	0.00000000000000e+000	0.00000000000000e+000	1
354	64	33	34	0.00000000000000e+000	0.00000000000000e+000	0.00000000000000e+000	0.00000000000000e+000	0.00000000000000e+000	0.00000000000000e+000	0.00000000000000e+000	0.00000000000000e+000	1
354	64	34	35	0.00000000000000e+000	0.00000000000000e+000	0.00000000000000e+000	0.00000000000000e+000	0.00000000000000e+000	0.00000000000000e+000	0.00000000000000e+000	0.00000000000000e+000	1
354	64	35	36	0.00000000000000e+000	0.00000000000000e+000	0.00000000000000e+000	0.00000000000000e+000	0.00000000000000e+000	0.00000000000000e+000	0.00000000000000e+000	0.00000000000000e+000	1
354	64	36	37	0.00000000000000e+000	0.00000000000000e+000	0.00000000000000e+000	0.00000000000000e+000	0.00000000000000e+000	0.00000000000000e+000	0.00000000000000e+000	0.00000000000000e+000	1
354	64	37	38	0.00000000000000e+000	0.00000000000000e+000	0.00000000000000e+000	0.00000000000000e+000	0.00000000000000e+000	0.00000000000000e+000	0.00000000000000e+000	0.00000000000000e+000	1
354	64	38	39	0.00000000000000e+000	0.00000000000000e+000	0.00000000000000e+000	0.00000000000000e+000	0.00000000000000e+000	0.00000000000000e+000	0.00000000000000e+000	0.00000000000000e+000	1
354	64	39	40	0.00000000000000e+000	0.00000000000000e+000	0.00000000000000e+000	0.00000000000000e+000	0.00000000000000e+000	0.00000000000000e+000	0.00000000000000e+000	0.00000000000000e+000	1
354	64	41	42	0.00000000000000e+000	0.00000000000000e+000	0.00000000000000e+000	0.00000000000000e+000	0.00000000000000e+000	0.00000000000000e+000	0.00000000000000e+000	0.00000000000000e+000	1
354	64	42	43	0.00000000000000e+000	0.00000000000000e+000	0.00000000000000e+000	0.00000000000000e+000	0.00000000000000e+000	0.00000000000000e+000	0.00000000000000e+000	0.00000000000000e+000	1
354	64	43	44	0.00000000000000e+000	0.00000000000000e+000	0.00000000000000e+000	0.00000000000000e+000	0.00000000000000e+000	0.00000000000000e+000	0.00000000000000e+000	0.00000000000000e+000	1
354	64	44	45	0.00000000000000e+000	0.00000000000000e+000	0.00000000000000e+000	0.00000000000000e+000	0.00000000000000e+000	0.00000000000000e+000	0.00000000000000e+000	0.00000000000000e+000	1
354	64	45	46	0.00000000000000e+000	0.00000000000000e+000	0.00000000000000e+000	0.00000000000000e+000	0.00000000000000e+000	0.00000000000000e+000	0.00000000000000e+000	0.00000000000000e+000	1
354	64	46	47	0.00000000000000e+000	0.00000000000000e+000	0.00000000000000e+000	0.00000000000000e+000	0.00000000000000e+000	0.00000000000000e+000	0.00000000000000e+000	0.00000000000000e+000	1
354	64	47	48	0.00000000000000e+000	0.00000000000000e+000	0.00000000000000e+000	0.00000000000000e+000	0.00000000000000e+000	0.00000000000000e+000	0.00000000000000e+000	0.00000000000000e+000	1
354	64	49	50	0.00000000000000e+000	0.00000000000000e+000	0.00000000000000e+000	0.00000000000000e+000	0.00000000000000e+000	0.00000000000000e+000	0.00000000000000e+000	0.00000000000000e+000	1
354	64	50	51	0.00000000000000e+000	0.00000000000000e+000	0.00000000000000e+000	0.00000000000000e+000	0.00000000000000e+000	0.00000000000000e+000	0.00000000000000e+000	0.00000000000000e+000	1
354	64	51	52	0.00000000000000e+000	0.00000000000000e+000	0.00000000000000e+000	0.00000000000000e+000	0.00000000000000e+000	0.00000000000000e+000	0.00000000000000e+000	0.00000000000000e+000	1
354	64	52	53	0.00000000000000e+000	0.00000000000000e+000	0.00000000000000e+000	0.00000000000000e+000	0.00000000000000e+000	0.00000000000000e+000	0.00000000000000e+000	0.00000000000000e+000	1
354	64	53	54	0.00000000000000e+000	0.00000000000000e+000	0.00000000000000e+000	0.00000000000000e+000	0.00000000000000e+000	0.00000000000000e+000	0.00000000000000e+000	0.00000000000000e+000	1
354	64	54	55	0.00000000000000e+000	0.00000000000000e+000	0.00000000000000e+000	0.00000000000000e+000	0.00000000000000e+000	0.00000000000000e+000	0.00000000000000e+000	0.00000000000000e+000	1
354	64	55	56	0.00000000000000e+000	0.00000000000000e+000	0.00000000000000e+000	0.00000000000000e+000	0.00000000000000e+000	0.00000000000000e+000	0.00000000000000e+000	0.00000000000000e+000	1
354	64	57	58	0.00000000000000e+000	0.00000000000000e+000	0.00000000000000e+000	0.00000000000000e+000	0.00000000000000e+000	0.00000000000000e+000	0.00000000000000e+000	0.00000000000000e+000	1
354	64	58	59	0.00000000000000e+000	0.00000000000000e+000	0.00000000000000e+000	0.00000000000000e+000	0.00000000000000e+000	0.00000000000000e+000	0.00000000000000e+000	0.00000000000000e+000	1
354	64	59	60	0.00000000000000e+000	0.00000000000000e+000	0.00000000000000e+000	0.00000000000000e+000	0.00000000000000e+000	0.00000000000000e+000	0.00000000000000e+000	0.00000000000000e+000	1
354	64	60	61	0.00000000000000e+000	0.00000000000000e+000	0.00000000000000e+000	0.00000000000000e+000	0.00000000000000e+000	0.00000000000000e+000	0.00000000000000e+000	0.00000000000000e+000	1
354	64	61	62	0.00000000000000e+000	0.00000000000000e+000	0.00000000000000e+000	0.00000000000000e+000	0.00000000000000e+000	0.00000000000000e+000	0.00000000000000e+000	0.00000000000000e+000	1
354	64	62	63	0.00000000000000e+000	0.00000000000000e+000	0.00000000000000e+000	0.00000000000000e+000	0.00000000000000e+000	0.00000000000000e+000	0.00000000000000e+000	0.00000000000000e+000	1
354	64	9	17	0.00000000000000e+000	0.00000000000000e+000	0.00000000000000e+000	0.00000000000000e+000	0.00000000000000e+000	0.00000000000000e+000	0.00000000000000e+000	0.00000000000000e+000	1
354	64	17	25	0.00000000000000e+000	0.00000000000000e+000	0.00000000000000e+000	0.00000000000000e+000	0.00000000000000e+000	0.00000000000000e+000	0.00000000000000e+000	0.00000000000000e+000	1
354	64	25	33	0.00000000000000e+000	0.00000000000000e+000	0.00000000000000e+000	0.00000000000000e+000	0.00000000000000e+000	0.00000000000000e+000	0.00000000000000e+000	0.00000000000000e+000	1
354	64	33	41	0.00000000000000e+000	0.00000000000000e+000	0.00000000000000e+000	0.00000000000000e+000	0.00000000000000e+000	0.00000000000000e+000	0.00000000000000e+000	0.00000000000000e+000	1
354	64	41	49	0.00000000000000e+000	0.00000000000000e+000	0.00000000000000e+000	0.00000000000000e+000	0.00000000000000e+000	0.00000000000000e+000	0.00000000000000e+000	0.00000000000000e+000	1
354	64	49	57	0.00000000000000e+000	0.00000000000000e+000	0.00000000000000e+000	0.00000000000000e+000	0.00000000000000e+000	0.00000000000000e+000	0.00000000000000e+000	0.00000000000000e+000	1
354	64	2	10	0.00000000000000e+000	0.00000000000000e+000	0.00000000000000e+000	0.00000000000000e+000	0.00000000000000e+000	0.00000000000000e+000	0.00000000000000e+000	0.00000000000000e+000	1
354	64	10	18	0.00000000000000e+000	0.00000000000000e+000	0.00000000000000e+000	0.00000000000000e+000	0.00000000000000e+000	0.00000000000000e+000	0.00000000000000e+000	0.00000000000000e+000	1
354	64	18	26	0.00000000000000e+000	0.00000000000000e+000	0.00000000000000e+000	0.00000000000000e+000	0.00000000000000e+000	0.00000000000000e+000	0.00000000000000e+000	0.00000000000000e+000	1
354	64	26	34	0.00000000000000e+000	0.00000000000000e+000	0.00000000000000e+000	0.00000000000000e+000	0.00000000000000e+000	0.00000000000000e+000	0.00000000000000e+000	0.00000000000000e+000	1
354	64	34	42	0.00000000000000e+000	0.00000000000000e+000	0.00000000000000e+000	0.00000000000000e+000	0.00000000000000e+000	0.00000000000000e+000	0.00000000000000e+000	0.00000000000000e+000	1
354	64	42	50	0.00000000000000e+000	0.00000000000000e+000	0.00000000000000e+000	0.00000000000000e+000	0.00000000000000e+000	0.00000000000000e+000	0.00000000000000e+000	0.00000000000000e+000	1
354	64	50	58	0.00000000000000e+000	0.00000000000000e+000	0.00000000000000e+000	0.00000000000000e+000	0.00000000000000e+000	0.00000000000000e+000	0.00000000000000e+000	0.00000000000000e+000	1
354	64	3	11	0.00000000000000e+000	0.00000000000000e+000	0.00000000000000e+000	0.00000000000000e+000	0.00000000000000e+000	0.00000000000000e+000	0.00000000000000e+000	0.00000000000000e+000	1
354	64	11	19	0.00000000000000e+000	0.00000000000000e+000	0.00000000000000e+000	0.00000000000000e+000	0.00000000000000e+000	0.00000000000000e+000	0.00000000000000e+000	0.00000000000000e+000	1
354	64	19	27	0.00000000000000e+000	0.00000000000000e+000	0.00000000000000e+000	0.00000000000000e+000	0.00000000000000e+000	0.00000000000000e+000	0.00000000000000e+000	0.00000000000000e+000	1
354	64	27	35	0.00000000000000e+000	0.00000000000000e+000	0.00000000000000e+000	0.00000000000000e+000	0.00000000000000e+000	0.00000000000000e+000	0.00000000000000e+000	0.00000000000000e+000	1
354	64	35	43	0.00000000000000e+000	0.00000000000000e+000	0.00000000000000e+000	0.00000000000000e+000	0.00000000000000e+000	0.00000000000000e+000	0.00000000000000e+000	0.00000000000000e+000	1
354	64	43	51	0.00000000000000e+000	0.00000000000000e+000	0.00000000000000e+000	0.00000000000000e+000	0.00000000000000e+000	0.00000000000000e+000	0.00000000000000e+000	0.00000000000000e+000	1
354	64	51	59	0.00000000000000e+000	0.00000000000000e+000	0.00000000000000e+000	0.00000000000000e+000	0.00000000000000e+000	0.00000000000000e+000	0.00000000000000e+000	0.00000000000000e+000	1
354	64	4	12	0.00000000000000e+000	0.00000000000000e+000	0.00000000000000e+000	0.00000000000000e+000	0.00000000000000e+000	0.00000000000000e+000	0.00000000000000e+000	0.00000000000000e+000	1
354	64	12	20	0.00000000000000e+000	0.00000000000000e+000	0.00000000000000e+000	0.00000000000000e+000	0.00000000000000e+000	0.00000000000000e+000	0.00000000000000e+000	0.00000000000000e+000	1
354	64	20	28	0.00000000000000e+000	0.00000000000000e+000	0.00000000000000e+000	0.00000000000000e+000	0.00000000000000e+000	0.00000000000000e+000	0.00000000000000e+000	0.00000000000000e+000	1
354	64	28	36	0.00000000000000e+000	0.00000000000000e+000	0.00000000000000e+000	0.00000000000000e+000	0.00000000000000e+000	0.00000000000000e+000	0.00000000000000e+000	0.00000000000000e+000	1
354	64	36	44	0.00000000000000e+000	0.00000000000000e+000	0.00000000000000e+000	0.00000000000000e+000	0.00000000000000e+000	0.00000000000000e+000	0.00000000000000e+000	0.00000000000000e+000	1
354	64	44	52	0.00000000000000e+000	0.00000000000000e+000	0.00000000000000e+000	0.00000000000000e+000	0.00000000000000e+000	0.00000000000000e+000	0.00000000000000e+000	0.00000000000000e+000	1
354	64	52	60	0.00000000000000e+000	0.00000000000000e+000	0.00000000000000e+000	0.00000000000000e+000	0.00000000000000e+000	0.00000000000000e+000	0.00000000000000e+000	0.00000000000000e+000	1
354	64	5	13	0.00000000000000e+000	0.00000000000000e+000	0.00000000000000e+000	0.00000000000000e+000	0.00000000000000e+000	0.00000000000000e+000	0.00000000000000e+000	0.00000000000000e+000	1
354	64	13	21	0.00000000000000e+000	0.00000000000000e+000	0.00000000000000e+000	0.00000000000000e+000	0.00000000000000e+000	0.00000000000000e+000	0.00000000000000e+000	0.00000000000000e+000	1
354	64	21	29	0.00000000000000e+000	0.00000000000000e+000	0.00000000000000e+000	0.00000000000000e+000	0.00000000000000e+000	0.00000000000000e+000	0.00000000000000e+000	0.00000000000000e+000	1
354	64	29	37	0.00000000000000e+000	0.00000000000000e+000	0.00000000000000e+000	0.00000000000000e+000	0.00000000000000e+000	0.00000000000000e+000	0.00000000000000e+000	0.00000000000000e+000	1
354	64	37	45	0.00000000000000e+000	0.00000000000000e+000	0.00000000000000e+000	0.00000000000000e+000	0.00000000000000e+000	0.00000000000000e+000	0.00000000000000e+000	0.00000000000000e+000	1
354	64	45	53	0.00000000000000e+000	0.00000000000000e+000	0.00000000000000e+000	0.00000000000000e+000	0.00000000000000e+000	0.00000000000000e+000	0.00000000000000e+000	0.00000000000000e+000	1
354	64	53	61	0.00000000000000e+000	0.00000000000000e+000	0.00000000000000e+000	0.00000000000000e+000	0.00000000000000e+000	0.00000000000000e+000	0.00000000000000e+000	0.00000000000000e+000	1
354	64	6	14	0.00000000000000e+000	0.00000000000000e+000	0.00000000000000e+000	0.00000000000000e+000	0.00000000000000e+000	0.00000000000000e+000	0.00000000000000e+000	0.00000000000000e+000	1
354	64	14	22	0.00000000000000e+000	0.00000000000000e+000	0.00000000000000e+000	0.00000000000000e+000	0.00000000000000e+000	0.00000000000000e+000	0.00000000000000e+000	0.00000000000000e+000	1
354	64	22	30	0.00000000000000e+000	0.00000000000000e+000	0.00000000000000e+000	0.00000000000000e+000	0.00000000000000e+000	0.00000000000000e+000	0.00000000000000e+000	0.00000000000000e+000	1
354	64	30	38	0.00000000000000e+000	0.00000000000000e+000	0.00000000000000e+000	0.00000000000000e+000	0.00000000000000e+000	0.00000000000000e+000	0.00000000000000e+000	0.00000000000000e+000	1
354	64	38	46	0.00000000000000e+000	0.00000000000000e+000	0.00000000000000e+000	0.00000000000000e+000	0.00000000000000e+000	0.00000000000000e+000	0.00000000000000e+000	0.00000000000000e+000	1
354	64	46	54	0.00000000000000e+000	0.00000000000000e+000	0.00000000000000e+000	0.00000000000000e+000	0.00000000000000e+000	0.00000000000000e+000	0.00000000000000e+000	0.00000000000000e+000	1
354	64	54	62	0.00000000000000e+000	0.00000000000000e+000	0.00000000000000e+000	0.00000000000000e+000	0.00000000000000e+000	0.00000000000000e+000	0.00000000000000e+000	0.00000000000000e+000	1
354	64	7	15	0.00000000000000e+000	0.00000000000000e+000	0.00000000000000e+000	0.00000000000000e+000	0.00000000000000e+000	0.00000000000000e+000	0.00000000000000e+000	0.00000000000000e+000	1
354	64	15	23	0.00000000000000e+000	0.00000000000000e+000	0.00000000000000e+000	0.00000000000000e+000	0.00000000000000e+000	0.00000000000000e+000	0.00000000000000e+000	0.00000000000000e+000	1
354	64	23	31	0.00000000000000e+000	0.00000000000000e+000	0.00000000000000e+000	0.00000000000000e+000	0.00000000000000e+000	0.00000000000000e+000	0.00000000000000e+000	0.00000000000000e+000	1
354	64	31	39	0.00000000000000e+000	0.00000000000000e+000	0.00000000000000e+000	0.00000000000000e+000	0.00000000000000e+000	0.00000000000000e+000	0.00000000000000e+000	0.00000000000000e+000	1
354	64	39	47	0.00000000000000e+000	0.00000000000000e+000	0.00000000000000e+000	0.00000000000000e+000	0.00000000000000e+000	0.00000000000000e+000	0.00000000000000e+000	0.00000000000000e+000	1
354	64	47	55	0.00000000000000e+000	0.00000000000000e+000	0.00000000000000e+000	0.00000000000000e+000	0.00000000000000e+000	0.00000000000000e+000	0.00000000000000e+000	0.00000000000000e+000	1
354	64	55	63	0.00000000000000e+000	0.00000000000000e+000	0.00000000000000e+000	0.00000000000000e+000	0.00000000000000e+000	0.00000000000000e+000	0.00000000000000e+000	0.00000000000000e+000	1
354	64	8	16	0.00000000000000e+000	0.00000000000000e+000	0.00000000000000e+000	0.00000000000000e+000	0.00000000000000e+000	0.00000000000000e+000	0.00000000000000e+000	0.00000000000000e+000	1
354	64	16	24	0.00000000000000e+000	0.00000000000000e+000	0.00000000000000e+000	0.00000000000000e+000	0.00000000000000e+000	0.00000000000000e+000	0.00000000000000e+000	0.00000000000000e+000	1
354	64	24	32	0.00000000000000e+000	0.00000000000000e+000	0.00000000000000e+000	0.00000000000000e+000	0.00000000000000e+000	0.00000000000000e+000	0.00000000000000e+000	0.00000000000000e+000	1
354	64	32	40	0.00000000000000e+000	0.00000000000000e+000	0.00000000000000e+000	0.00000000000000e+000	0.00000000000000e+000	0.00000000000000e+000	0.00000000000000e+000	0.00000000000000e+000	1
354	64	40	48	0.00000000000000e+000	0.00000000000000e+000	0.00000000000000e+000	0.00000000000000e+000	0.00000000000000e+000	0.00000000000000e+000	0.00000000000000e+000	0.00000000000000e+000	1
354	64	48	56	0.00000000000000e+000	0.00000000000000e+000	0.00000000000000e+000	0.00000000000000e+000	0.00000000000000e+000	0.00000000000000e+000	0.00000000000000e+000	0.00000000000000e+000	1
354	64	49	58	0.00000000000000e+000	0.00000000000000e+000	0.00000000000000e+000	0.00000000000000e+000	0.00000000000000e+000	0.00000000000000e+000	0.00000000000000e+000	0.00000000000000e+000	1
354	64	41	50	0.00000000000000e+000	0.00000000000000e+000	0.00000000000000e+000	0.00000000000000e+000	0.00000000000000e+000	0.00000000000000e+000	0.00000000000000e+000	0.00000000000000e+000	1
354	64	50	59	0.00000000000000e+000	0.00000000000000e+000	0.00000000000000e+000	0.00000000000000e+000	0.00000000000000e+000	0.00000000000000e+000	0.00000000000000e+000	0.00000000000000e+000	1
354	64	33	42	0.00000000000000e+000	0.00000000000000e+000	0.00000000000000e+000	0.00000000000000e+000	0.00000000000000e+000	0.00000000000000e+000	0.00000000000000e+000	0.00000000000000e+000	1
354	64	42	51	0.00000000000000e+000	0.00000000000000e+000	0.00000000000000e+000	0.00000000000000e+000	0.00000000000000e+000	0.00000000000000e+000	0.00000000000000e+000	0.00000000000000e+000	1
354	64	51	60	0.00000000000000e+000	0.00000000000000e+000	0.00000000000000e+000	0.00000000000000e+000	0.00000000000000e+000	0.00000000000000e+000	0.00000000000000e+000	0.00000000000000e+000	1
354	64	25	34	0.00000000000000e+000	0.00000000000000e+000	0.00000000000000e+000	0.00000000000000e+000	0.00000000000000e+000	0.00000000000000e+000	0.00000000000000e+000	0.00000000000000e+000	1
354	64	34	43	0.00000000000000e+000	0.00000000000000e+000	0.00000000000000e+000	0.00000000000000e+000	0.00000000000000e+000	0.00000000000000e+000	0.00000000000000e+000	0.00000000000000e+000	1
354	64	43	52	0.00000000000000e+000	0.00000000000000e+000	0.00000000000000e+000	0.00000000000000e+000	0.00000000000000e+000	0.00000000000000e+000	0.00000000000000e+000	0.00000000000000e+000	1
354	64	52	61	0.00000000000000e+000	0.00000000000000e+000	0.00000000000000e+000	0.00000000000000e+000	0.00000000000000e+000	0.00000000000000e+000	0.00000000000000e+000	0.00000000000000e+000	1
354	64	17	26	0.00000000000000e+000	0.00000000000000e+000	0.00000000000000e+000	0.00000000000000e+000	0.00000000000000e+000	0.00000000000000e+000	0.00000000000000e+000	0.00000000000000e+000	1
354	64	26	35	0.00000000000000e+000	0.00000000000000e+000	0.00000000000000e+000	0.00000000000000e+000	0.00000000000000e+000	0.00000000000000e+000	0.00000000000000e+000	0.00000000000000e+000	1
354	64	35	44	0.00000000000000e+000	0.00000000000000e+000	0.00000000000000e+000	0.00000000000000e+000	0.00000000000000e+000	0.00000000000000e+000	0.00000000000000e+000	0.00000000000000e+000	1
354	64	44	53	0.00000000000000e+000	0.00000000000000e+000	0.00000000000000e+000	0.00000000000000e+000	0.00000000000000e+000	0.00000000000000e+000	0.00000000000000e+000	0.00000000000000e+000	1
354	64	53	62	0.00000000000000e+000	0.00000000000000e+000	0.00000000000000e+000	0.00000000000000e+000	0.00000000000000e+000	0.00000000000000e+000	0.00000000000000e+000	0.00000000000000e+000	1
354	64	9	18	0.00000000000000e+000	0.00000000000000e+000	0.00000000000000e+000	0.00000000000000e+000	0.00000000000000e+000	0.00000000000000e+000	0.00000000000000e+000	0.00000000000000e+000	1
354	64	18	27	0.00000000000000e+000	0.00000000000000e+000	0.00000000000000e+000	0.00000000000000e+000	0.00000000000000e+000	0.00000000000000e+000	0.00000000000000e+000	0.00000000000000e+000	1
354	64	27	36	0.00000000000000e+000	0.00000000000000e+000	0.00000000000000e+000	0.00000000000000e+000	0.00000000000000e+000	0.00000000000000e+000	0.00000000000000e+000	0.00000000000000e+000	1
354	64	36	45	0.00000000000000e+000	0.00000000000000e+000	0.00000000000000e+000	0.00000000000000e+000	0.00000000000000e+000	0.00000000000000e+000	0.00000000000000e+000	0.00000000000000e+000	1
354	64	45	54	0.00000000000000e+000	0.00000000000000e+000	0.00000000000000e+000	0.00000000000000e+000	0.00000000000000e+000	0.00000000000000e+000	0.00000000000000e+000	0.00000000000000e+000	1
354	64	54	63	0.00000000000000e+000	0.00000000000000e+000	0.00000000000000e+000	0.00000000000000e+000	0.00000000000000e+000	0.00000000000000e+000	0.00000000000000e+000	0.00000000000000e+000	1
354	64	10	19	0.00000000000000e+000	0.00000000000000e+000	0.00000000000000e+000	0.00000000000000e+000	0.00000000000000e+000	0.00000000000000e+000	0.00000000000000e+000	0.00000000000000e+000	1
354	64	19	28	0.00000000000000e+000	0.00000000000000e+000	0.00000000000000e+000	0.00000000000000e+000	0.00000000000000e+000	0.00000000000000e+000	0.00000000000000e+000	0.00000000000000e+000	1
354	64	28	37	0.00000000000000e+000	0.00000000000000e+000	0.00000000000000e+000	0.00000000000000e+000	0.00000000000000e+000	0.00000000000000e+000	0.00000000000000e+000	0.00000000000000e+000	1
354	64	37	46	0.00000000000000e+000	0.00000000000000e+000	0.00000000000000e+000	0.00000000000000e+000	0.00000000000000e+000	0.00000000000000e+000	0.00000000000000e+000	0.00000000000000e+000	1
354	64	46	55	0.00000000000000e+000	0.00000000000000e+000	0.00000000000000e+000	0.00000000000000e+000	0.00000000000000e+000	0.00000000000000e+000	0.00000000000000e+000	0.00000000000000e+000	1
354	64	2	11	0.00000000000000e+000	0.00000000000000e+000	0.00000000000000e+000	0.00000000000000e+000	0.00000000000000e+000	0.00000000000000e+000	0.00000000000000e+000	0.00000000000000e+000	1
354	64	11	20	0.00000000000000e+000	0.00000000000000e+000	0.00000000000000e+000	0.00000000000000e+000	0.00000000000000e+000	0.00000000000000e+000	0.00000000000000e+000	0.00000000000000e+000	1
354	64	20	29	0.00000000000000e+000	0.00000000000000e+000	0.00000000000000e+000	0.00000000000000e+000	0.00000000000000e+000	0.00000000000000e+000	0.00000000000000e+000	0.00000000000000e+000	1
354	64	29	38	0.00000000000000e+000	0.00000000000000e+000	0.00000000000000e+000	0.00000000000000e+000	0.00000000000000e+000	0.00000000000000e+000	0.00000000000000e+000	0.00000000000000e+000	1
354	64	38	47	0.00000000000000e+000	0.00000000000000e+000	0.00000000000000e+000	0.00000000000000e+000	0.00000000000000e+000	0.00000000000000e+000	0.00000000000000e+000	0.00000000000000e+000	1
354	64	47	56	0.00000000000000e+000	0.00000000000000e+000	0.00000000000000e+000	0.00000000000000e+000	0.00000000000000e+000	0.00000000000000e+000	0.00000000000000e+000	0.00000000000000e+000	1
354	64	3	12	0.00000000000000e+000	0.00000000000000e+000	0.00000000000000e+000	0.00000000000000e+000	0.00000000000000e+000	0.00000000000000e+000	0.00000000000000e+000	0.00000000000000e+000	1
354	64	12	21	0.00000000000000e+000	0.00000000000000e+000	0.00000000000000e+000	0.00000000000000e+000	0.00000000000000e+000	0.00000000000000e+000	0.00000000000000e+000	0.00000000000000e+000	1
354	64	21	30	0.00000000000000e+000	0.00000000000000e+000	0.00000000000000e+000	0.00000000000000e+000	0.00000000000000e+000	0.00000000000000e+000	0.00000000000000e+000	0.00000000000000e+000	1
354	64	30	39	0.00000000000000e+000	0.00000000000000e+000	0.00000000000000e+000	0.00000000000000e+000	0.00000000000000e+000	0.00000000000000e+000	0.00000000000000e+000	0.00000000000000e+000	1
354	64	39	48	0.00000000000000e+000	0.00000000000000e+000	0.00000000000000e+000	0.00000000000000e+000	0.00000000000000e+000	0.00000000000000e+000	0.00000000000000e+000	0.00000000000000e+000	1
354	64	4	13	0.00000000000000e+000	0.00000000000000e+000	0.00000000000000e+000	0.00000000000000e+000	0.00000000000000e+000	0.00000000000000e+000	0.00000000000000e+000	0.00000000000000e+000	1
354	64	13	22	0.00000000000000e+000	0.00000000000000e+000	0.00000000000000e+000	0.00000000000000e+000	0.00000000000000e+000	0.00000000000000e+000	0.00000000000000e+000	0.00000000000000e+000	1
354	64	22	31	0.00000000000000e+000	0.00000000000000e+000	0.00000000000000e+000	0.00000000000000e+000	0.00000000000000e+000	0.00000000000000e+000	0.00000000000000e+000	0.00000000000000e+000	1
354	64	31	40	0.00000000000000e+000	0.00000000000000e+000	0.00000000000000e+000	0.00000000000000e+000	0.00000000000000e+000	0.00000000000000e+000	0.00000000000000e+000	0.00000000000000e+000	1
354	64	5	14	0.00000000000000e+000	0.00000000000000e+000	0.00000000000000e+000	0.00000000000000e+000	0.00000000000000e+000	0.00000000000000e+000	0.00000000000000e+000	0.00000000000000e+000	1
354	64	14	23	0.00000000000000e+000	0.00000000000000e+000	0.00000000000000e+000	0.00000000000000e+000	0.00000000000000e+000	0.00000000000000e+000	0.00000000000000e+000	0.00000000000000e+000	1
354	64	23	32	0.00000000000000e+000	0.00000000000000e+000	0.00000000000000e+000	0.00000000000000e+000	0.00000000000000e+000	0.00000000000000e+000	0.00000000000000e+000	0.00000000000000e+000	1
354	64	6	15	0.00000000000000e+000	0.00000000000000e+000	0.00000000000000e+000	0.00000000000000e+000	0.00000000000000e+000	0.00000000000000e+000	0.00000000000000e+000	0.00000000000000e+000	1
354	64	15	24	0.00000000000000e+000	0.00000000000000e+000	0.00000000000000e+000	0.00000000000000e+000	0.00000000000000e+000	0.00000000000000e+000	0.00000000000000e+000	0.00000000000000e+000	1
354	64	7	16	0.00000000000000e+000	0.00000000000000e+000	0.00000000000000e+000	0.00000000000000e+000	0.00000000000000e+000	0.00000000000000e+000	0.00000000000000e+000	0.00000000000000e+000	1
354	64	56	63	0.00000000000000e+000	0.00000000000000e+000	0.00000000000000e+000	0.00000000000000e+000	0.00000000000000e+000	0.00000000000000e+000	0.00000000000000e+000	0.00000000000000e+000	1
354	64	48	55	0.00000000000000e+000	0.00000000000000e+000	0.00000000000000e+000	0.00000000000000e+000	0.00000000000000e+000	0.00000000000000e+000	0.00000000000000e+000	0.00000000000000e+000	1
354	64	55	62	0.00000000000000e+000	0.00000000000000e+000	0.00000000000000e+000	0.00000000000000e+000	0.00000000000000e+000	0.00000000000000e+000	0.00000000000000e+000	0.00000000000000e+000	1
354	64	40	47	0.00000000000000e+000	0.00000000000000e+000	0.00000000000000e+000	0.00000000000000e+000	0.00000000000000e+000	0.00000000000000e+000	0.00000000000000e+000	0.00000000000000e+000	1
354	64	47	54	0.00000000000000e+000	0.00000000000000e+000	0.00000000000000e+000	0.00000000000000e+000	0.00000000000000e+000	0.00000000000000e+000	0.00000000000000e+000	0.00000000000000e+000	1
354	64	54	61	0.00000000000000e+000	0.00000000000000e+000	0.00000000000000e+000	0.00000000000000e+000	0.00000000000000e+000	0.00000000000000e+000	0.00000000000000e+000	0.00000000000000e+000	1
354	64	32	39	0.00000000000000e+000	0.00000000000000e+000	0.00000000000000e+000	0.00000000000000e+000	0.00000000000000e+000	0.00000000000000e+000	0.00000000000000e+000	0.00000000000000e+000	1
354	64	39	46	0.00000000000000e+000	0.00000000000000e+000	0.00000000000000e+000	0.00000000000000e+000	0.00000000000000e+000	0.00000000000000e+000	0.00000000000000e+000	0.00000000000000e+000	1
354	64	46	53	0.00000000000000e+000	0.00000000000000e+000	0.00000000000000e+000	0.00000000000000e+000	0.00000000000000e+000	0.00000000000000e+000	0.00000000000000e+000	0.00000000000000e+000	1
354	64	53	60	0.00000000000000e+000	0.00000000000000e+000	0.00000000000000e+000	0.00000000000000e+000	0.00000000000000e+000	0.00000000000000e+000	0.00000000000000e+000	0.00000000000000e+000	1
354	64	24	31	0.00000000000000e+000	0.00000000000000e+000	0.00000000000000e+000	0.00000000000000e+000	0.00000000000000e+000	0.00000000000000e+000	0.00000000000000e+000	0.00000000000000e+000	1
354	64	31	38	0.00000000000000e+000	0.00000000000000e+000	0.00000000000000e+000	0.00000000000000e+000	0.00000000000000e+000	0.00000000000000e+000	0.00000000000000e+000	0.00000000000000e+000	1
354	64	38	45	0.00000000000000e+000	0.00000000000000e+000	0.00000000000000e+000	0.00000000000000e+000	0.00000000000000e+000	0.00000000000000e+000	0.00000000000000e+000	0.00000000000000e+000	1
354	64	45	52	0.00000000000000e+000	0.00000000000000e+000	0.00000000000000e+000	0.00000000000000e+000	0.00000000000000e+000	0.00000000000000e+000	0.00000000000000e+000	0.00000000000000e+000	1
354	64	52	59	0.00000000000000e+000	0.00000000000000e+000	0.00000000000000e+000	0.00000000000000e+000	0.00000000000000e+000	0.00000000000000e+000	0.00000000000000e+000	0.00000000000000e+000	1
354	64	16	23	0.00000000000000e+000	0.00000000000000e+000	0.00000000000000e+000	0.00000000000000e+000	0.00000000000000e+000	0.00000000000000e+000	0.00000000000000e+000	0.00000000000000e+000	1
354	64	23	30	0.00000000000000e+000	0.00000000000000e+000	0.00000000000000e+000	0.00000000000000e+000	0.00000000000000e+000	0.00000000000000e+000	0.00000000000000e+000	0.00000000000000e+000	1
354	64	30	37	0.00000000000000e+000	0.00000000000000e+000	0.00000000000000e+000	0.00000000000000e+000	0.00000000000000e+000	0.00000000000000e+000	0.00000000000000e+000	0.00000000000000e+000	1
354	64	37	44	0.00000000000000e+000	0.00000000000000e+000	0.00000000000000e+000	0.00000000000000e+000	0.00000000000000e+000	0.00000000000000e+000	0.00000000000000e+000	0.00000000000000e+000	1
354	64	44	51	0.00000000000000e+000	0.00000000000000e+000	0.00000000000000e+000	0.00000000000000e+000	0.00000000000000e+000	0.00000000000000e+000	0.00000000000000e+000	0.00000000000000e+000	1
354	64	51	58	0.00000000000000e+000	0.00000000000000e+000	0.00000000000000e+000	0.00000000000000e+000	0.00000000000000e+000	0.00000000000000e+000	0.00000000000000e+000	0.00000000000000e+000	1
354	64	8	15	0.00000000000000e+000	0.00000000000000e+000	0.00000000000000e+000	0.00000000000000e+000	0.00000000000000e+000	0.00000000000000e+000	0.00000000000000e+000	0.00000000000000e+000	1
354	64	15	22	0.00000000000000e+000	0.00000000000000e+000	0.00000000000000e+000	0.00000000000000e+000	0.00000000000000e+000	0.00000000000000e+000	0.00000000000000e+000	0.00000000000000e+000	1
354	64	22	29	0.00000000000000e+000	0.00000000000000e+000	0.00000000000000e+000	0.00000000000000e+000	0.00000000000000e+000	0.00000000000000e+000	0.00000000000000e+000	0.00000000000000e+000	1
354	64	29	36	0.00000000000000e+000	0.00000000000000e+000	0.00000000000000e+000	0.00000000000000e+000	0.00000000000000e+000	0.00000000000000e+000	0.00000000000000e+000	0.00000000000000e+000	1
354	64	36	43	0.00000000000000e+000	0.00000000000000e+000	0.00000000000000e+000	0.00000000000000e+000	0.00000000000000e+000	0.00000000000000e+000	0.00000000000000e+000	0.00000000000000e+000	1
354	64	43	50	0.00000000000000e+000	0.00000000000000e+000	0.00000000000000e+000	0.00000000000000e+000	0.00000000000000e+000	0.00000000000000e+000	0.00000000000000e+000	0.00000000000000e+000	1
354	64	50	57	0.00000000000000e+000	0.00000000000000e+000	0.00000000000000e+000	0.00000000000000e+000	0.00000000000000e+000	0.00000000000000e+000	0.00000000000000e+000	0.00000000000000e+000	1
354	64	7	14	0.00000000000000e+000	0.00000000000000e+000	0.00000000000000e+000	0.00000000000000e+000	0.00000000000000e+000	0.00000000000000e+000	0.00000000000000e+000	0.00000000000000e+000	1
354	64	14	21	0.00000000000000e+000	0.00000000000000e+000	0.00000000000000e+000	0.00000000000000e+000	0.00000000000000e+000	0.00000000000000e+000	0.00000000000000e+000	0.00000000000000e+000	1
354	64	21	28	0.00000000000000e+000	0.00000000000000e+000	0.00000000000000e+000	0.00000000000000e+000	0.00000000000000e+000	0.00000000000000e+000	0.00000000000000e+000	0.00000000000000e+000	1
354	64	28	35	0.00000000000000e+000	0.00000000000000e+000	0.00000000000000e+000	0.00000000000000e+000	0.00000000000000e+000	0.00000000000000e+000	0.00000000000000e+000	0.00000000000000e+000	1
354	64	35	42	0.00000000000000e+000	0.00000000000000e+000	0.00000000000000e+000	0.00000000000000e+000	0.00000000000000e+000	0.00000000000000e+000	0.00000000000000e+000	0.00000000000000e+000	1
354	64	42	49	0.00000000000000e+000	0.00000000000000e+000	0.00000000000000e+000	0.00000000000000e+000	0.00000000000000e+000	0.00000000000000e+000	0.00000000000000e+000	0.00000000000000e+000	1
354	64	6	13	0.00000000000000e+000	0.00000000000000e+000	0.00000000000000e+000	0.00000000000000e+000	0.00000000000000e+000	0.00000000000000e+000	0.00000000000000e+000	0.00000000000000e+000	1
354	64	13	20	0.00000000000000e+000	0.00000000000000e+000	0.00000000000000e+000	0.00000000000000e+000	0.00000000000000e+000	0.00000000000000e+000	0.00000000000000e+000	0.00000000000000e+000	1
354	64	20	27	0.00000000000000e+000	0.00000000000000e+000	0.00000000000000e+000	0.00000000000000e+000	0.00000000000000e+000	0.00000000000000e+000	0.00000000000000e+000	0.00000000000000e+000	1
354	64	27	34	0.00000000000000e+000	0.00000000000000e+000	0.00000000000000e+000	0.00000000000000e+000	0.00000000000000e+000	0.00000000000000e+000	0.00000000000000e+000	0.00000000000000e+000	1
354	64	34	41	0.00000000000000e+000	0.00000000000000e+000	0.00000000000000e+000	0.00000000000000e+000	0.00000000000000e+000	0.00000000000000e+000	0.00000000000000e+000	0.00000000000000e+000	1
354	64	5	12	0.00000000000000e+000	0.00000000000000e+000	0.00000000000000e+000	0.00000000000000e+000	0.00000000000000e+000	0.00000000000000e+000	0.00000000000000e+000	0.00000000000000e+000	1
354	64	12	19	0.00000000000000e+000	0.00000000000000e+000	0.00000000000000e+000	0.00000000000000e+000	0.00000000000000e+000	0.00000000000000e+000	0.00000000000000e+000	0.00000000000000e+000	1
354	64	19	26	0.00000000000000e+000	0.00000000000000e+000	0.00000000000000e+000	0.00000000000000e+000	0.00000000000000e+000	0.00000000000000e+000	0.00000000000000e+000	0.00000000000000e+000	1
354	64	26	33	0.00000000000000e+000	0.00000000000000e+000	0.00000000000000e+000	0.00000000000000e+000	0.00000000000000e+000	0.00000000000000e+000	0.00000000000000e+000	0.00000000000000e+000	1
354	64	4	11	0.00000000000000e+000	0.00000000000000e+000	0.00000000000000e+000	0.00000000000000e+000	0.00000000000000e+000	0.00000000000000e+000	0.00000000000000e+000	0.00000000000000e+000	1
354	64	11	18	0.00000000000000e+000	0.00000000000000e+000	0.00000000000000e+000	0.00000000000000e+000	0.00000000000000e+000	0.00000000000000e+000	0.00000000000000e+000	0.00000000000000e+000	1
354	64	18	25	0.00000000000000e+000	0.00000000000000e+000	0.00000000000000e+000	0.00000000000000e+000	0.00000000000000e+000	0.00000000000000e+000	0.00000000000000e+000	0.00000000000000e+000	1
354	64	3	10	0.00000000000000e+000	0.00000000000000e+000	0.00000000000000e+000	0.00000000000000e+000	0.00000000000000e+000	0.00000000000000e+000	0.00000000000000e+000	0.00000000000000e+000	1
354	64	10	17	0.00000000000000e+000	0.00000000000000e+000	0.00000000000000e+000	0.00000000000000e+000	0.00000000000000e+000	0.00000000000000e+000	0.00000000000000e+000	0.00000000000000e+000	1
354	64	2	9	0.00000000000000e+000	0.00000000000000e+000	0.00000000000000e+000	0.00000000000000e+000	0.00000000000000e+000	0.00000000000000e+000	0.00000000000000e+000	0.00000000000000e+000	1
0
