1.750434230097685617e+00
1.584026864559738845e+00
1.436395271678536645e+00
1.150983880807094462e+00
8.026631328884308303e-01
4.368018530732564741e-01
2.256336791194428759e-01
1.292789949347042389e-01
8.475750682015081860e-02
7.033416153442478835e-02
6.622272712855525878e-02
6.244018108571525172e-02
5.727044724863408764e-02
5.499221900321119016e-02
5.454286589787896156e-02
5.512879217285007738e-02
5.292235519074942052e-02
4.996919605374663953e-02
4.991997080806323539e-02
5.075199242601896588e-02
4.877326621041463972e-02
4.648019896512139981e-02
4.784093713661136116e-02
4.914183981515493627e-02
4.723648006738492833e-02
4.585864046255308524e-02
4.721694717700192223e-02
4.797927639521065712e-02
4.535961661240608955e-02
4.285857540267745680e-02
4.408555341916944870e-02
4.581895205916636238e-02
4.444288140308802482e-02
4.148850486564895079e-02
4.232338309907593410e-02
3.800429579474368103e-02
2.948073968261052946e-02
1.680182325793452558e-01
1.000038999261381105e+04
-2.498051369092637142e+00
-2.502446530005012271e+00
-2.506305974420149241e+00
-2.500560200910178388e+00
-2.494605297904654684e+00
-2.500052918551913361e+00
-2.500342566700523683e+00
-2.499247741212735185e+00
-2.499799635832502087e+00
-2.500310785641330913e+00
-2.500470418127506811e+00
-2.500406151272754229e+00
-2.500278416716187113e+00
-2.500118159682064523e+00
-2.500023004323979059e+00
-2.499982898628829275e+00
-2.499960891361437731e+00
-2.499965486510570489e+00
-2.499974675219326148e+00
-2.499985327150075154e+00
-2.499982591642295304e+00
-2.499980174813367650e+00
-2.499979460518152230e+00
-2.499961181179233272e+00
-2.499947486485808668e+00
-2.499951416290238981e+00
-2.499949004725111834e+00
-2.499952097053453670e+00
-2.499966796796794455e+00
-2.499968683233240618e+00
-2.499965570539814497e+00
-2.499968715650705331e+00
-2.499957948696534871e+00
-2.499954112512182025e+00
-2.499963001614930569e+00
-2.499963499837378755e+00
-2.499960929013472111e+00
-2.499961253772345238e+00
-2.499953047492236458e+00
-2.499947408007672678e+00
-2.499968387470218101e+00
-2.499990197956083460e+00
-2.500021827666604413e+00
-2.500045351967123519e+00
-2.499959885840157714e+00
-2.499852183621155799e+00
-2.500197406289278668e+00
-2.498612257290974359e+00
-2.490665859930533799e+00
-2.502780454853041459e+00
-2.504798452077834359e+00
-2.500128054153651025e+00
-2.495766980023825354e+00
-2.499994561022594652e+00
-2.500219342791976551e+00
-2.499511010366131103e+00
-2.499975402721417606e+00
-2.500279877221524671e+00
-2.500230209789130242e+00
-2.500093694313081372e+00
-2.499946668115892834e+00
-2.499852346648704593e+00
-2.499822842559247249e+00
-2.499822734027906002e+00
-2.499850237582610823e+00
-2.499872378319467625e+00
-2.499889220525964184e+00
-2.499898663884898564e+00
-2.499907908784447130e+00
-2.499900390009763385e+00
-2.499899358362140056e+00
-2.499901519991226007e+00
-2.499890096896399072e+00
-2.499883408271390994e+00
-2.499894644453059200e+00
-2.499883420951842350e+00
-2.499890217969776174e+00
-2.499894672380480909e+00
-2.499895043377790227e+00
-2.499887729207398213e+00
-2.499893595950528624e+00
-2.499884681658393948e+00
-2.499889518440542080e+00
-2.499896399063154639e+00
-2.499894143795553525e+00
-2.499884515794104090e+00
-2.499885182493837288e+00
-2.499872799006409352e+00
-2.499877762250410029e+00
-2.499907657539999217e+00
-2.499930506168460465e+00
-2.499939352428263817e+00
-2.499901518693928182e+00
-2.499780828535245192e+00
-2.499784836254501652e+00
-2.499917638569553624e+00
-2.499304617000810858e+00
-2.503659111216208544e+00
-2.503041585453699813e+00
-2.499577869364927540e+00
-2.497130822476045786e+00
-2.500029538385257322e+00
-2.500159905716374364e+00
-2.499693379561569451e+00
-2.499861904738695628e+00
-2.499984227483758481e+00
-2.499902327583629180e+00
-2.499795270463826213e+00
-2.499726984711404754e+00
-2.499724316264898327e+00
-2.499743971950841193e+00
-2.499793181998422487e+00
-2.499840810675507008e+00
-2.499874780461996071e+00
-2.499895151395458370e+00
-2.499899288317470880e+00
-2.499894470964302950e+00
-2.499900808214648329e+00
-2.499894125209363605e+00
-2.499887655799642783e+00
-2.499883368941252293e+00
-2.499893355095123670e+00
-2.499883887818270978e+00
-2.499891439381439540e+00
-2.499877758555517193e+00
-2.499864303080216565e+00
-2.499874572435141218e+00
-2.499865866575704310e+00
-2.499864196094729429e+00
-2.499875491617927992e+00
-2.499869927502207823e+00
-2.499858082261591896e+00
-2.499863995289265173e+00
-2.499848446561343529e+00
-2.499828994501210211e+00
-2.499831134808411903e+00
-2.499831709940792290e+00
-2.499866931248845958e+00
-2.499892628246624504e+00
-2.499905041934736616e+00
-2.499887155837921426e+00
-2.499818946245881968e+00
-2.499827098951848292e+00
-2.499858567037943402e+00
-2.499713866198091772e+00
-2.502908419701656229e+00
-2.501948198465724360e+00
-2.499233127127538090e+00
-2.498492747158335359e+00
-2.500106513075936565e+00
-2.499833665483758516e+00
-2.499614095929286961e+00
-2.499799162317305257e+00
-2.499801730236127284e+00
-2.499732494547889594e+00
-2.499726151620081271e+00
-2.499692756170047936e+00
-2.499705094172698594e+00
-2.499746840544867510e+00
-2.499797426785832055e+00
-2.499865881595055850e+00
-2.499899513593559774e+00
-2.499912218334544800e+00
-2.499912105728043343e+00
-2.499907952719762960e+00
-2.499899592593328279e+00
-2.499894289823433535e+00
-2.499902580898023974e+00
-2.499901440964836574e+00
-2.499898392996320773e+00
-2.499907144554704530e+00
-2.499894776346825775e+00
-2.499897805424867947e+00
-2.499883262852145016e+00
-2.499873294664939571e+00
-2.499887144161521135e+00
-2.499884748051049321e+00
-2.499880043229397497e+00
-2.499889519342902933e+00
-2.499880318217599040e+00
-2.499864009265116760e+00
-2.499863313281986077e+00
-2.499843680238273969e+00
-2.499848048946116119e+00
-2.499850075379903558e+00
-2.499874582174017590e+00
-2.499934157903578757e+00
-2.499964328303152516e+00
-2.499929813012568669e+00
-2.499843366949812573e+00
-2.499765117913375079e+00
-2.499585325243503853e+00
-2.498780917811889157e+00
-2.501887673064837614e+00
-2.501001467483295215e+00
-2.499241684243679984e+00
-2.499295435184041736e+00
-2.499331071627367784e+00
-2.499111233611198468e+00
-2.499399834391490494e+00
-2.499758110829761293e+00
-2.499886579619834848e+00
-2.499840704819710879e+00
-2.499762203915881553e+00
-2.499750392792378761e+00
-2.499745229607911234e+00
-2.499770657182724065e+00
-2.499853854563356848e+00
-2.499879493638626826e+00
-2.499904254063927134e+00
-2.499928614018373185e+00
-2.499923208917333106e+00
-2.499916406342338249e+00
-2.499911420784782123e+00
-2.499907034110024462e+00
-2.499904565547728552e+00
-2.499916713825024672e+00
-2.499916492890652542e+00
-2.499926894516586895e+00
-2.499917007824781656e+00
-2.499903046644557758e+00
-2.499906004528138936e+00
-2.499898328113431933e+00
-2.499895723456306840e+00
-2.499913212185103539e+00
-2.499911244872927707e+00
-2.499920548442553958e+00
-2.499906938369960585e+00
-2.499891238018713935e+00
-2.499889715448468941e+00
-2.499876522251708089e+00
-2.499873227405541520e+00
-2.499905488400143483e+00
-2.499940659394800591e+00
-2.500012876693664232e+00
-2.500061667636336082e+00
-2.500036797741930883e+00
-2.499877172270242642e+00
-2.499561984304067952e+00
-2.499086176423001682e+00
-2.498241452901610593e+00
-2.500917281678706416e+00
-2.500259348048087027e+00
-2.499753568297262252e+00
-2.499770464774750067e+00
-2.499170638754878659e+00
-2.499040549743718032e+00
-2.499238638888879649e+00
-2.499502697064464929e+00
-2.499872790814922752e+00
-2.499997931860916012e+00
-2.499961383048654451e+00
-2.499896410916928602e+00
-2.499893239104190812e+00
-2.499875149903246996e+00
-2.499848626821965070e+00
-2.499889395176208673e+00
-2.499880925067465842e+00
-2.499882383340852332e+00
-2.499898926268893540e+00
-2.499895231074898749e+00
-2.499893494303604857e+00
-2.499893891546839608e+00
-2.499893229815709716e+00
-2.499905268079679388e+00
-2.499906588939816210e+00
-2.499904476284680932e+00
-2.499912835690996538e+00
-2.499902848185268311e+00
-2.499892579821591188e+00
-2.499903916191974496e+00
-2.499906029017420650e+00
-2.499927382281723176e+00
-2.499928980906082288e+00
-2.499922728290333573e+00
-2.499923431911224014e+00
-2.499905146166893743e+00
-2.499888960488060974e+00
-2.499905073503558839e+00
-2.499925586807393074e+00
-2.499983559282396683e+00
-2.500031759537587384e+00
-2.500072847528679532e+00
-2.500114520068458912e+00
-2.500085148096217402e+00
-2.499893576066004819e+00
-2.499441588163817229e+00
-2.498542562293101454e+00
-2.496983485754529219e+00
-2.499542004379365245e+00
-2.499631491284747931e+00
-2.499583438764785726e+00
-2.501352071623220041e+00
-2.502165102429223964e+00
-2.501964525682279117e+00
-2.501061052453911415e+00
-2.500479190595404688e+00
-2.499836622582949808e+00
-2.499976889350873588e+00
-2.500121971758196615e+00
-2.500064572309946609e+00
-2.499974375883528221e+00
-2.499930523746780153e+00
-2.499894935509942684e+00
-2.499805897811937516e+00
-2.499821624729130498e+00
-2.499807146778059597e+00
-2.499815690287176650e+00
-2.499843128754509536e+00
-2.499847108774882365e+00
-2.499849898775473811e+00
-2.499851069241991297e+00
-2.499850772389271114e+00
-2.499862698407000927e+00
-2.499863076851117860e+00
-2.499859367718119785e+00
-2.499867644519770948e+00
-2.499862404394291637e+00
-2.499878973468667276e+00
-2.499886769425838207e+00
-2.499895881028775246e+00
-2.499918046076722966e+00
-2.499913664425219118e+00
-2.499912774664192039e+00
-2.499888919783933350e+00
-2.499871668630363253e+00
-2.499897039150515088e+00
-2.499950831045608002e+00
-2.500038351350992727e+00
-2.500128455683502615e+00
-2.500125828581461374e+00
-2.500048334612256618e+00
-2.499921088056194840e+00
-2.499802689137966549e+00
-2.499578062891986363e+00
-2.498538393480735031e+00
-2.496617171342221386e+00
-2.499811061750179420e+00
-2.499107262904125548e+00
-2.500012056843590180e+00
-2.499173307531420640e+00
-2.499974710144615475e+00
-2.499958302051354941e+00
-2.500858227470863948e+00
-2.502758942720440416e+00
-2.500691844490727789e+00
-2.499892220029027001e+00
-2.500023331821371819e+00
-2.500108520024112657e+00
-2.500046486899373477e+00
-2.499966748203202194e+00
-2.499883737844924347e+00
-2.499810012262917880e+00
-2.499736191668216811e+00
-2.499773510845257452e+00
-2.499784118978898295e+00
-2.499802503953842514e+00
-2.499832617108151744e+00
-2.499837709491572468e+00
-2.499837422303158974e+00
-2.499834722900742268e+00
-2.499835737781810785e+00
-2.499846955972943263e+00
-2.499846818065411647e+00
-2.499860079957673342e+00
-2.499856016500324962e+00
-2.499859272837170465e+00
-2.499886579633290751e+00
-2.499897276149800174e+00
-2.499920929944345005e+00
-2.499917713585498191e+00
-2.499899539756545330e+00
-2.499884867924617282e+00
-2.499857164360619777e+00
-2.499882923599752615e+00
-2.499960141126833513e+00
-2.500103820213658512e+00
-2.500249353791029527e+00
-2.500222861331610869e+00
-2.499930412099362620e+00
-2.499507830863583635e+00
-2.499350916900337616e+00
-2.499671207493775249e+00
-2.500725402026262145e+00
-2.502720215593269515e+00
-2.500716660259598711e+00
-2.497276192533981920e+00
-2.497444411924823804e+00
-2.499011619514260651e+00
-2.499485924690474814e+00
-2.497940086879896437e+00
-2.498552755938218795e+00
-2.499283801141897854e+00
-2.499080891881615862e+00
-2.499252860771695062e+00
-2.499490649852064372e+00
-2.499659881852504650e+00
-2.499808970644012085e+00
-2.499824570102179955e+00
-2.499760520193366808e+00
-2.499706644620799167e+00
-2.499652789155629939e+00
-2.499644705072141093e+00
-2.499691088935999783e+00
-2.499708331917530391e+00
-2.499734736466057594e+00
-2.499715201037609358e+00
-2.499707544506712509e+00
-2.499710648760639309e+00
-2.499689687261541948e+00
-2.499699241531765814e+00
-2.499694251507357912e+00
-2.499677577417254604e+00
-2.499709471535453531e+00
-2.499715018093478847e+00
-2.499731330359595827e+00
-2.499748438167875619e+00
-2.499759700271787288e+00
-2.499777956537081014e+00
-2.499750679602049885e+00
-2.499711829354879011e+00
-2.499644921141641607e+00
-2.499614755419678147e+00
-2.499693259841877069e+00
-2.499866712278338898e+00
-2.500108364937763117e+00
-2.500170349541494197e+00
-2.499816996002646174e+00
-2.498977701522100858e+00
-2.498196357133370071e+00
-2.499342401748311460e+00
-2.503454497252918909e+00
-2.502455266708787374e+00
-2.508753999085063136e+00
-2.500541419975345736e+00
-2.500183920640747459e+00
-2.501530058446979510e+00
-2.499806051940453688e+00
-2.500827245139470634e+00
-2.497425296976974796e+00
-2.499592042305490036e+00
-2.498307155144458669e+00
-2.498487032600157143e+00
-2.498616901755452258e+00
-2.498643026615251728e+00
-2.498652736475508007e+00
-2.498759976210167544e+00
-2.498742165551476546e+00
-2.498651661940999080e+00
-2.498711710183831869e+00
-2.498709717420508625e+00
-2.498701384309543361e+00
-2.498687548836040495e+00
-2.498681754098318830e+00
-2.498663520644798020e+00
-2.498648858560245323e+00
-2.498634328007566463e+00
-2.498582175964723540e+00
-2.498579325173425403e+00
-2.498565835999490226e+00
-2.498544662392048643e+00
-2.498599336189878173e+00
-2.498626079487148655e+00
-2.498655894949671996e+00
-2.498703999276472132e+00
-2.498742221626472748e+00
-2.498752515579400146e+00
-2.498702388740184244e+00
-2.498642511672024558e+00
-2.498548986566711427e+00
-2.498467665895147682e+00
-2.498481392891863884e+00
-2.498618055110967351e+00
-2.498896137455000499e+00
-2.499134273218654556e+00
-2.499021180148838006e+00
-2.498078746668251249e+00
-2.496818269777215438e+00
-2.500003618800680449e+00
-2.496290417757434099e+00
-2.495203324086638474e+00
-2.503422579220418775e+00
-2.509960868079017970e+00
-2.503893920778382132e+00
-2.504511840890909724e+00
-2.502420796172085460e+00
-2.497865456960203012e+00
-2.498824684659864737e+00
-2.507425067859645029e+00
-2.502751850401028211e+00
-2.502622946929267567e+00
-2.503345884712309566e+00
-2.502559692835078842e+00
-2.502939058370450276e+00
-2.502195853137580972e+00
-2.502213107569484229e+00
-2.502526085594880989e+00
-2.502363017121559174e+00
-2.502301053716066370e+00
-2.502550165956441752e+00
-2.502449683173944006e+00
-2.502466643123431922e+00
-2.502664841716102373e+00
-2.502625801046433729e+00
-2.502504602037082471e+00
-2.502703579762352692e+00
-2.502738571358725572e+00
-2.502817098806155105e+00
-2.502941752568552225e+00
-2.502551572291252580e+00
-2.502348694501288495e+00
-2.502345821100914858e+00
-2.502147534044203869e+00
-2.501992946135723095e+00
-2.501888782205930806e+00
-2.501972704733628206e+00
-2.502196653316977049e+00
-2.502378475913620726e+00
-2.502529075682510484e+00
-2.502405795083177509e+00
-2.502305979467862151e+00
-2.502435545879617251e+00
-2.503022770520667351e+00
-2.503558974284218142e+00
-2.503123098980181815e+00
-2.502383940332563395e+00
-2.503335205800842012e+00
-2.486384306435553082e+00
-2.583835788023059798e+00
-2.466975330210637196e+00
-2.465925352544475757e+00
-2.484532828103828361e+00
-2.496045156356096584e+00
-2.499210470437003284e+00
-2.498404164825324347e+00
-2.498608988419468879e+00
-2.500995186630088796e+00
-2.496869560740230476e+00
-2.497805986148925239e+00
-2.497452891450591572e+00
-2.498111826172912497e+00
-2.499056208544884417e+00
-2.499950461632844512e+00
-2.499960100016846987e+00
-2.499009886539875325e+00
-2.499891481923870451e+00
-2.500182768655974108e+00
-2.499185399139648212e+00
-2.499816229311905058e+00
-2.499868095591164519e+00
-2.499065007038852038e+00
-2.499136724905455686e+00
-2.499984742528167381e+00
-2.498816522254209360e+00
-2.499297602416556963e+00
-2.499308148067712843e+00
-2.498222971020127581e+00
-2.499693499327809487e+00
-2.499657752236106312e+00
-2.499260760977605411e+00
-2.499768487852787935e+00
-2.499765887109224760e+00
-2.500085923252012954e+00
-2.499880251476486404e+00
-2.499705212616146532e+00
-2.499177083584961601e+00
-2.498897630420562344e+00
-2.499031187596868708e+00
-2.498982808011341206e+00
-2.499495069360157640e+00
-2.498759077514197458e+00
-2.499534558337013657e+00
-2.501252774287720193e+00
-2.501539540134297468e+00
-2.497355362692555314e+00
-2.492297918123787870e+00
-2.381851437163745366e+00
-2.580325556319650993e+00
-2.510840898412834310e+00
-2.476660240938508561e+00
-2.518981531753848202e+00
-2.495512762127136241e+00
-2.502072878280723778e+00
-2.499030860943550536e+00
-2.500381229116237947e+00
-2.500131348560855393e+00
-2.500167455354069368e+00
-2.500205731236631479e+00
-2.500024392208470836e+00
-2.499712429147264992e+00
-2.499196350034591063e+00
-2.498950711692190296e+00
-2.499136131069780831e+00
-2.499249443206983834e+00
-2.499176192910299577e+00
-2.499111558077607320e+00
-2.498929083608577795e+00
-2.499133885087221341e+00
-2.499450603277623806e+00
-2.499456409791499745e+00
-2.499187398006100569e+00
-2.499222660360807868e+00
-2.499339784188084224e+00
-2.499608440320567837e+00
-2.499663277476054102e+00
-2.499349949512496671e+00
-2.499085728016918750e+00
-2.499291725528190788e+00
-2.499394908637809998e+00
-2.499352452846494543e+00
-2.499141623826549363e+00
-2.498992995121771532e+00
-2.499296938642685539e+00
-2.499614822944142389e+00
-2.499755548618757928e+00
-2.499584835343903411e+00
-2.499463933161361506e+00
-2.499528165973160299e+00
-2.499655749659654091e+00
-2.499271354844460280e+00
-2.498963162190984022e+00
-2.496528192005609270e+00
-2.502269696656383768e+00
-2.504759316852047224e+00
